(0, 1)
(0, 2)
(1, 2)
(0, 3)
(1, 3)
(2, 3)
(2, 4)
(0, 4)
(1, 4)
(3, 5)
(2, 5)
(0, 5)
(1, 6)
(0, 6)
(3, 6)
(0, 7)
(2, 7)
(1, 7)
(5, 8)
(1, 8)
(7, 8)
(0, 9)
(1, 9)
(3, 9)
(2, 10)
(3, 10)
(0, 10)
(1, 11)
(7, 11)
(3, 11)
(4, 12)
(0, 12)
(5, 12)
(2, 13)
(1, 13)
(4, 13)
(0, 14)
(5, 14)
(3, 14)
(0, 15)
(5, 15)
(1, 15)
(4, 16)
(3, 16)
(1, 16)
(5, 17)
(3, 17)
(0, 17)
(3, 18)
(1, 18)
(4, 18)
(5, 19)
(0, 19)
(1, 19)
(1, 20)
(4, 20)
(7, 20)
(1, 21)
(3, 21)
(0, 21)
(4, 22)
(0, 22)
(6, 22)
(5, 23)
(22, 23)
(3, 23)
(0, 24)
(14, 24)
(5, 24)
(0, 25)
(5, 25)
(7, 25)
(0, 26)
(1, 26)
(5, 26)
(3, 27)
(12, 27)
(2, 27)
(7, 28)
(5, 28)
(1, 28)
(7, 29)
(17, 29)
(2, 29)
(5, 30)
(1, 30)
(3, 30)
(11, 31)
(3, 31)
(19, 31)
(0, 32)
(7, 32)
(2, 32)
(21, 33)
(5, 33)
(0, 33)
(1, 34)
(16, 34)
(5, 34)
(1, 35)
(16, 35)
(5, 35)
(26, 36)
(0, 36)
(5, 36)
(26, 37)
(0, 37)
(3, 37)
(26, 38)
(7, 38)
(33, 38)
(29, 39)
(20, 39)
(3, 39)
(23, 40)
(3, 40)
(1, 40)
(1, 41)
(5, 41)
(16, 41)
(5, 42)
(7, 42)
(14, 42)
(2, 43)
(5, 43)
(7, 43)
(37, 44)
(16, 44)
(2, 44)
(2, 45)
(17, 45)
(0, 45)
(5, 46)
(0, 46)
(13, 46)
(5, 47)
(1, 47)
(4, 47)
(17, 48)
(1, 48)
(29, 48)
(26, 49)
(7, 49)
(12, 49)
(2, 50)
(0, 50)
(26, 50)
(1, 51)
(45, 51)
(16, 51)
(22, 52)
(0, 52)
(1, 52)
(40, 53)
(12, 53)
(0, 53)
(7, 54)
(5, 54)
(3, 54)
(4, 55)
(1, 55)
(43, 55)
(7, 56)
(33, 56)
(1, 56)
(20, 57)
(52, 57)
(16, 57)
(22, 58)
(45, 58)
(7, 58)
(3, 59)
(6, 59)
(0, 59)
(29, 60)
(3, 60)
(0, 60)
(7, 61)
(4, 61)
(9, 61)
(4, 62)
(33, 62)
(15, 62)
(5, 63)
(15, 63)
(1, 63)
(0, 64)
(12, 64)
(2, 64)
(11, 65)
(10, 65)
(7, 65)
(29, 66)
(23, 66)
(43, 66)
(7, 67)
(12, 67)
(60, 67)
(49, 68)
(16, 68)
(0, 68)
(7, 69)
(3, 69)
(15, 69)
(16, 70)
(45, 70)
(5, 70)
(23, 71)
(0, 71)
(4, 71)
(0, 72)
(15, 72)
(2, 72)
(2, 73)
(21, 73)
(3, 73)
(5, 74)
(0, 74)
(37, 74)
(70, 75)
(60, 75)
(26, 75)
(3, 76)
(69, 76)
(2, 76)
(7, 77)
(5, 77)
(6, 77)
(7, 78)
(28, 78)
(1, 78)
(49, 79)
(0, 79)
(21, 79)
(3, 80)
(19, 80)
(52, 80)
(22, 81)
(33, 81)
(3, 81)
(12, 82)
(3, 82)
(1, 82)
(61, 83)
(53, 83)
(5, 83)
(33, 84)
(18, 84)
(1, 84)
(22, 85)
(3, 85)
(0, 85)
(26, 86)
(11, 86)
(64, 86)
(26, 87)
(9, 87)
(3, 87)
(5, 88)
(0, 88)
(16, 88)
(1, 89)
(54, 89)
(2, 89)
(5, 90)
(6, 90)
(29, 90)
(22, 91)
(31, 91)
(64, 91)
(7, 92)
(91, 92)
(15, 92)
(4, 93)
(75, 93)
(5, 93)
(3, 94)
(53, 94)
(37, 94)
(71, 95)
(26, 95)
(14, 95)
(6, 96)
(5, 96)
(47, 96)
(0, 97)
(2, 97)
(13, 97)
(7, 98)
(49, 98)
(0, 98)
(26, 99)
(1, 99)
(45, 99)
(3, 100)
(62, 100)
(11, 100)
(41, 101)
(70, 101)
(42, 101)
(3, 102)
(66, 102)
(61, 102)
(0, 103)
(45, 103)
(69, 103)
(0, 104)
(1, 104)
(26, 104)
(1, 105)
(66, 105)
(42, 105)
(62, 106)
(3, 106)
(65, 106)
(1, 107)
(22, 107)
(2, 107)
(26, 108)
(51, 108)
(1, 108)
(4, 109)
(33, 109)
(36, 109)
(7, 110)
(29, 110)
(2, 110)
(17, 111)
(1, 111)
(76, 111)
(65, 112)
(1, 112)
(5, 112)
(1, 113)
(96, 113)
(7, 113)
(5, 114)
(3, 114)
(14, 114)
(6, 115)
(49, 115)
(41, 115)
(3, 116)
(7, 116)
(0, 116)
(93, 117)
(3, 117)
(10, 117)
(0, 118)
(58, 118)
(69, 118)
(5, 119)
(15, 119)
(0, 119)
(1, 120)
(4, 120)
(110, 120)
(0, 121)
(7, 121)
(105, 121)
(15, 122)
(1, 122)
(51, 122)
(5, 123)
(16, 123)
(1, 123)
(49, 124)
(90, 124)
(22, 124)
(0, 125)
(3, 125)
(21, 125)
(5, 126)
(21, 126)
(93, 126)
(23, 127)
(5, 127)
(26, 127)
(9, 128)
(13, 128)
(0, 128)
(33, 129)
(0, 129)
(93, 129)
(73, 130)
(48, 130)
(7, 130)
(7, 131)
(22, 131)
(3, 131)
(46, 132)
(15, 132)
(37, 132)
(78, 133)
(115, 133)
(7, 133)
(133, 134)
(3, 134)
(5, 134)
(0, 135)
(7, 135)
(110, 135)
(1, 136)
(77, 136)
(108, 136)
(16, 137)
(14, 137)
(68, 137)
(26, 138)
(0, 138)
(29, 138)
(133, 139)
(31, 139)
(134, 139)
(3, 140)
(1, 140)
(61, 140)
(19, 141)
(12, 141)
(1, 141)
(3, 142)
(140, 142)
(1, 142)
(121, 143)
(52, 143)
(16, 143)
(1, 144)
(0, 144)
(33, 144)
(125, 145)
(66, 145)
(3, 145)
(54, 146)
(117, 146)
(13, 146)
(26, 147)
(4, 147)
(37, 147)
(110, 148)
(16, 148)
(26, 148)
(0, 149)
(38, 149)
(65, 149)
(16, 150)
(5, 150)
(76, 150)
(3, 151)
(19, 151)
(1, 151)
(3, 152)
(16, 152)
(8, 152)
(77, 153)
(69, 153)
(2, 153)
(3, 154)
(1, 154)
(22, 154)
(0, 155)
(26, 155)
(75, 155)
(26, 156)
(5, 156)
(12, 156)
(44, 157)
(0, 157)
(61, 157)
(29, 158)
(3, 158)
(133, 158)
(70, 159)
(59, 159)
(3, 159)
(1, 160)
(94, 160)
(53, 160)
(5, 161)
(0, 161)
(15, 161)
(29, 162)
(1, 162)
(5, 162)
(78, 163)
(33, 163)
(1, 163)
(3, 164)
(22, 164)
(11, 164)
(1, 165)
(97, 165)
(26, 165)
(49, 166)
(17, 166)
(1, 166)
(16, 167)
(0, 167)
(110, 167)
(63, 168)
(37, 168)
(5, 168)
(90, 169)
(1, 169)
(60, 169)
(9, 170)
(2, 170)
(31, 170)
(3, 171)
(76, 171)
(70, 171)
(44, 172)
(3, 172)
(41, 172)
(22, 173)
(0, 173)
(44, 173)
(51, 174)
(167, 174)
(33, 174)
(22, 175)
(4, 175)
(6, 175)
(5, 176)
(4, 176)
(2, 176)
(0, 177)
(82, 177)
(13, 177)
(33, 178)
(6, 178)
(155, 178)
(63, 179)
(155, 179)
(14, 179)
(1, 180)
(164, 180)
(0, 180)
(13, 181)
(126, 181)
(3, 181)
(3, 182)
(131, 182)
(48, 182)
(29, 183)
(1, 183)
(0, 183)
(61, 184)
(2, 184)
(5, 184)
(5, 185)
(46, 185)
(0, 185)
(29, 186)
(58, 186)
(113, 186)
(4, 187)
(5, 187)
(2, 187)
(0, 188)
(108, 188)
(53, 188)
(62, 189)
(1, 189)
(7, 189)
(5, 190)
(3, 190)
(2, 190)
(61, 191)
(169, 191)
(16, 191)
(2, 192)
(116, 192)
(3, 192)
(3, 193)
(190, 193)
(21, 193)
(62, 194)
(0, 194)
(15, 194)
(61, 195)
(7, 195)
(1, 195)
(36, 196)
(7, 196)
(22, 196)
(69, 197)
(108, 197)
(75, 197)
(3, 198)
(166, 198)
(52, 198)
(30, 199)
(20, 199)
(3, 199)
(94, 200)
(1, 200)
(5, 200)
(29, 201)
(11, 201)
(5, 201)
(3, 202)
(53, 202)
(0, 202)
(12, 203)
(3, 203)
(0, 203)
(16, 204)
(17, 204)
(139, 204)
(55, 205)
(186, 205)
(1, 205)
(45, 206)
(114, 206)
(33, 206)
(7, 207)
(1, 207)
(3, 207)
(133, 208)
(105, 208)
(13, 208)
(16, 209)
(4, 209)
(31, 209)
(4, 210)
(28, 210)
(22, 210)
(7, 211)
(33, 211)
(3, 211)
(146, 212)
(22, 212)
(2, 212)
(133, 213)
(56, 213)
(61, 213)
(0, 214)
(26, 214)
(5, 214)
(1, 215)
(156, 215)
(19, 215)
(4, 216)
(19, 216)
(7, 216)
(26, 217)
(71, 217)
(1, 217)
(71, 218)
(7, 218)
(62, 218)
(5, 219)
(53, 219)
(41, 219)
(105, 220)
(49, 220)
(92, 220)
(219, 221)
(0, 221)
(105, 221)
(0, 222)
(5, 222)
(22, 222)
(7, 223)
(1, 223)
(49, 223)
(53, 224)
(110, 224)
(166, 224)
(37, 225)
(3, 225)
(162, 225)
(16, 226)
(134, 226)
(14, 226)
(12, 227)
(69, 227)
(61, 227)
(0, 228)
(71, 228)
(49, 228)
(92, 229)
(7, 229)
(21, 229)
(108, 230)
(12, 230)
(188, 230)
(5, 231)
(97, 231)
(0, 231)
(117, 232)
(196, 232)
(13, 232)
(93, 233)
(0, 233)
(187, 233)
(0, 234)
(5, 234)
(4, 234)
(82, 235)
(26, 235)
(186, 235)
(196, 236)
(37, 236)
(224, 236)
(83, 237)
(108, 237)
(52, 237)
(5, 238)
(1, 238)
(69, 238)
(69, 239)
(2, 239)
(41, 239)
(5, 240)
(218, 240)
(169, 240)
(33, 241)
(34, 241)
(26, 241)
(5, 242)
(152, 242)
(92, 242)
(3, 243)
(28, 243)
(186, 243)
(97, 244)
(223, 244)
(7, 244)
(0, 245)
(28, 245)
(16, 245)
(52, 246)
(66, 246)
(1, 246)
(0, 247)
(1, 247)
(4, 247)
(68, 248)
(56, 248)
(20, 248)
(5, 249)
(60, 249)
(0, 249)
(15, 250)
(166, 250)
(239, 250)
(3, 251)
(28, 251)
(2, 251)
(233, 252)
(3, 252)
(60, 252)
(82, 253)
(6, 253)
(5, 253)
(78, 254)
(5, 254)
(3, 254)
(47, 255)
(20, 255)
(16, 255)
(14, 256)
(29, 256)
(227, 256)
(66, 257)
(2, 257)
(5, 257)
(148, 258)
(7, 258)
(3, 258)
(94, 259)
(234, 259)
(71, 259)
(83, 260)
(154, 260)
(10, 260)
(2, 261)
(17, 261)
(26, 261)
(4, 262)
(17, 262)
(33, 262)
(121, 263)
(2, 263)
(230, 263)
(93, 264)
(14, 264)
(3, 264)
(1, 265)
(230, 265)
(160, 265)
(0, 266)
(1, 266)
(28, 266)
(176, 267)
(22, 267)
(84, 267)
(225, 268)
(49, 268)
(252, 268)
(0, 269)
(52, 269)
(33, 269)
(1, 270)
(15, 270)
(0, 270)
(14, 271)
(181, 271)
(1, 271)
(4, 272)
(146, 272)
(34, 272)
(52, 273)
(12, 273)
(153, 273)
(3, 274)
(1, 274)
(200, 274)
(11, 275)
(55, 275)
(16, 275)
(1, 276)
(2, 276)
(0, 276)
(61, 277)
(16, 277)
(15, 277)
(49, 278)
(41, 278)
(28, 278)
(166, 279)
(14, 279)
(21, 279)
(0, 280)
(94, 280)
(16, 280)
(26, 281)
(5, 281)
(93, 281)
(71, 282)
(94, 282)
(5, 282)
(28, 283)
(5, 283)
(3, 283)
(1, 284)
(105, 284)
(230, 284)
(3, 285)
(96, 285)
(11, 285)
(52, 286)
(134, 286)
(166, 286)
(93, 287)
(264, 287)
(87, 287)
(16, 288)
(28, 288)
(11, 288)
(41, 289)
(7, 289)
(28, 289)
(60, 290)
(11, 290)
(71, 290)
(11, 291)
(3, 291)
(278, 291)
(69, 292)
(19, 292)
(225, 292)
(22, 293)
(69, 293)
(3, 293)
(4, 294)
(117, 294)
(68, 294)
(55, 295)
(76, 295)
(93, 295)
(28, 296)
(248, 296)
(44, 296)
(12, 297)
(33, 297)
(45, 297)
(5, 298)
(11, 298)
(4, 298)
(287, 299)
(3, 299)
(5, 299)
(7, 300)
(3, 300)
(97, 300)
(218, 301)
(11, 301)
(3, 301)
(62, 302)
(21, 302)
(37, 302)
(26, 303)
(60, 303)
(301, 303)
(0, 304)
(22, 304)
(6, 304)
(20, 305)
(28, 305)
(17, 305)
(14, 306)
(3, 306)
(61, 306)
(3, 307)
(59, 307)
(246, 307)
(45, 308)
(10, 308)
(3, 308)
(48, 309)
(53, 309)
(126, 309)
(250, 310)
(82, 310)
(266, 310)
(1, 311)
(211, 311)
(140, 311)
(42, 312)
(3, 312)
(203, 312)
(37, 313)
(3, 313)
(98, 313)
(22, 314)
(207, 314)
(0, 314)
(52, 315)
(11, 315)
(26, 315)
(41, 316)
(184, 316)
(3, 316)
(33, 317)
(66, 317)
(7, 317)
(2, 318)
(1, 318)
(3, 318)
(0, 319)
(1, 319)
(213, 319)
(3, 320)
(16, 320)
(7, 320)
(53, 321)
(0, 321)
(65, 321)
(33, 322)
(4, 322)
(22, 322)
(39, 323)
(1, 323)
(3, 323)
(33, 324)
(49, 324)
(5, 324)
(79, 325)
(4, 325)
(5, 325)
(5, 326)
(186, 326)
(62, 326)
(1, 327)
(166, 327)
(2, 327)
(12, 328)
(1, 328)
(0, 328)
(284, 329)
(12, 329)
(2, 329)
(293, 330)
(166, 330)
(45, 330)
(11, 331)
(22, 331)
(321, 331)
(160, 332)
(126, 332)
(7, 332)
(21, 333)
(148, 333)
(33, 333)
(1, 334)
(3, 334)
(140, 334)
(70, 335)
(193, 335)
(7, 335)
(21, 336)
(148, 336)
(126, 336)
(296, 337)
(61, 337)
(53, 337)
(11, 338)
(13, 338)
(6, 338)
(13, 339)
(266, 339)
(105, 339)
(14, 340)
(0, 340)
(94, 340)
(2, 341)
(51, 341)
(1, 341)
(1, 342)
(26, 342)
(296, 342)
(39, 343)
(75, 343)
(271, 343)
(3, 344)
(11, 344)
(1, 344)
(26, 345)
(7, 345)
(0, 345)
(0, 346)
(1, 346)
(22, 346)
(61, 347)
(29, 347)
(3, 347)
(1, 348)
(139, 348)
(93, 348)
(62, 349)
(168, 349)
(11, 349)
(5, 350)
(16, 350)
(90, 350)
(348, 351)
(28, 351)
(3, 351)
(3, 352)
(4, 352)
(5, 352)
(234, 353)
(126, 353)
(142, 353)
(187, 354)
(33, 354)
(29, 354)
(105, 355)
(53, 355)
(29, 355)
(61, 356)
(3, 356)
(4, 356)
(295, 357)
(266, 357)
(26, 357)
(186, 358)
(6, 358)
(46, 358)
(76, 359)
(15, 359)
(230, 359)
(41, 360)
(49, 360)
(46, 360)
(26, 361)
(348, 361)
(4, 361)
(3, 362)
(26, 362)
(234, 362)
(4, 363)
(15, 363)
(64, 363)
(51, 364)
(305, 364)
(76, 364)
(233, 365)
(219, 365)
(1, 365)
(5, 366)
(22, 366)
(7, 366)
(1, 367)
(3, 367)
(48, 367)
(154, 368)
(76, 368)
(28, 368)
(1, 369)
(343, 369)
(211, 369)
(7, 370)
(36, 370)
(16, 370)
(13, 371)
(200, 371)
(146, 371)
(7, 372)
(3, 372)
(0, 372)
(0, 373)
(5, 373)
(16, 373)
(11, 374)
(41, 374)
(1, 374)
(16, 375)
(3, 375)
(45, 375)
(0, 376)
(6, 376)
(91, 376)
(3, 377)
(16, 377)
(293, 377)
(9, 378)
(366, 378)
(1, 378)
(61, 379)
(301, 379)
(53, 379)
(90, 380)
(3, 380)
(139, 380)
(32, 381)
(4, 381)
(7, 381)
(3, 382)
(7, 382)
(31, 382)
(51, 383)
(166, 383)
(59, 383)
(0, 384)
(37, 384)
(78, 384)
(26, 385)
(31, 385)
(2, 385)
(69, 386)
(5, 386)
(29, 386)
(362, 387)
(7, 387)
(40, 387)
(58, 388)
(75, 388)
(22, 388)
(26, 389)
(122, 389)
(5, 389)
(1, 390)
(108, 390)
(350, 390)
(131, 391)
(1, 391)
(6, 391)
(70, 392)
(51, 392)
(76, 392)
(371, 393)
(15, 393)
(2, 393)
(1, 394)
(23, 394)
(0, 394)
(65, 395)
(16, 395)
(3, 395)
(15, 396)
(19, 396)
(48, 396)
(35, 397)
(26, 397)
(16, 397)
(47, 398)
(292, 398)
(1, 398)
(7, 399)
(76, 399)
(106, 399)
(2, 400)
(114, 400)
(148, 400)
(0, 401)
(14, 401)
(160, 401)
(4, 402)
(1, 402)
(0, 402)
(10, 403)
(16, 403)
(401, 403)
(111, 404)
(169, 404)
(237, 404)
(3, 405)
(1, 405)
(5, 405)
(22, 406)
(98, 406)
(358, 406)
(23, 407)
(16, 407)
(12, 407)
(69, 408)
(16, 408)
(0, 408)
(252, 409)
(37, 409)
(2, 409)
(297, 410)
(195, 410)
(15, 410)
(37, 411)
(379, 411)
(66, 411)
(23, 412)
(0, 412)
(5, 412)
(108, 413)
(0, 413)
(26, 413)
(12, 414)
(82, 414)
(149, 414)
(246, 415)
(5, 415)
(15, 415)
(166, 416)
(237, 416)
(4, 416)
(76, 417)
(337, 417)
(278, 417)
(223, 418)
(51, 418)
(5, 418)
(105, 419)
(21, 419)
(339, 419)
(4, 420)
(3, 420)
(377, 420)
(4, 421)
(7, 421)
(28, 421)
(116, 422)
(420, 422)
(28, 422)
(3, 423)
(399, 423)
(5, 423)
(3, 424)
(51, 424)
(75, 424)
(28, 425)
(16, 425)
(21, 425)
(1, 426)
(328, 426)
(53, 426)
(421, 427)
(196, 427)
(21, 427)
(105, 428)
(332, 428)
(52, 428)
(3, 429)
(22, 429)
(49, 429)
(12, 430)
(23, 430)
(2, 430)
(93, 431)
(48, 431)
(180, 431)
(2, 432)
(300, 432)
(77, 432)
(223, 433)
(6, 433)
(26, 433)
(284, 434)
(59, 434)
(5, 434)
(5, 435)
(21, 435)
(61, 435)
(26, 436)
(138, 436)
(176, 436)
(0, 437)
(287, 437)
(1, 437)
(131, 438)
(359, 438)
(50, 438)
(15, 439)
(12, 439)
(196, 439)
(155, 440)
(71, 440)
(26, 440)
(28, 441)
(75, 441)
(168, 441)
(7, 442)
(15, 442)
(22, 442)
(4, 443)
(3, 443)
(5, 443)
(425, 444)
(4, 444)
(93, 444)
(7, 445)
(0, 445)
(14, 445)
(60, 446)
(2, 446)
(68, 446)
(382, 447)
(3, 447)
(91, 447)
(10, 448)
(0, 448)
(17, 448)
(96, 449)
(82, 449)
(1, 449)
(33, 450)
(186, 450)
(12, 450)
(1, 451)
(343, 451)
(210, 451)
(0, 452)
(7, 452)
(5, 452)
(16, 453)
(19, 453)
(224, 453)
(225, 454)
(61, 454)
(13, 454)
(210, 455)
(114, 455)
(394, 455)
(5, 456)
(13, 456)
(33, 456)
(3, 457)
(266, 457)
(7, 457)
(65, 458)
(49, 458)
(227, 458)
(346, 459)
(3, 459)
(26, 459)
(108, 460)
(39, 460)
(0, 460)
(0, 461)
(37, 461)
(234, 461)
(5, 462)
(252, 462)
(26, 462)
(142, 463)
(16, 463)
(7, 463)
(48, 464)
(3, 464)
(5, 464)
(126, 465)
(16, 465)
(2, 465)
(21, 466)
(6, 466)
(5, 466)
(156, 467)
(139, 467)
(13, 467)
(3, 468)
(7, 468)
(397, 468)
(29, 469)
(75, 469)
(3, 469)
(66, 470)
(231, 470)
(61, 470)
(87, 471)
(59, 471)
(121, 471)
(22, 472)
(19, 472)
(4, 472)
(250, 473)
(52, 473)
(375, 473)
(17, 474)
(1, 474)
(12, 474)
(157, 475)
(249, 475)
(38, 475)
(246, 476)
(15, 476)
(33, 476)
(5, 477)
(4, 477)
(180, 477)
(1, 478)
(13, 478)
(3, 478)
(0, 479)
(13, 479)
(77, 479)
(22, 480)
(47, 480)
(3, 480)
(266, 481)
(290, 481)
(5, 481)
(22, 482)
(131, 482)
(4, 482)
(1, 483)
(148, 483)
(4, 483)
(353, 484)
(66, 484)
(153, 484)
(1, 485)
(3, 485)
(37, 485)
(173, 486)
(284, 486)
(26, 486)
(373, 487)
(0, 487)
(105, 487)
(154, 488)
(19, 488)
(1, 488)
(5, 489)
(3, 489)
(21, 489)
(141, 490)
(105, 490)
(140, 490)
(5, 491)
(56, 491)
(7, 491)
(16, 492)
(180, 492)
(15, 492)
(156, 493)
(224, 493)
(37, 493)
(3, 494)
(7, 494)
(26, 494)
(66, 495)
(44, 495)
(19, 495)
(3, 496)
(64, 496)
(0, 496)
(2, 497)
(387, 497)
(138, 497)
(91, 498)
(66, 498)
(1, 498)
(117, 499)
(65, 499)
(108, 499)
(3, 500)
(117, 500)
(2, 500)
(140, 501)
(5, 501)
(158, 501)
(7, 502)
(75, 502)
(2, 502)
(3, 503)
(69, 503)
(7, 503)
(465, 504)
(2, 504)
(1, 504)
(62, 505)
(250, 505)
(19, 505)
(37, 506)
(420, 506)
(1, 506)
(28, 507)
(256, 507)
(66, 507)
(379, 508)
(5, 508)
(0, 508)
(250, 509)
(267, 509)
(4, 509)
(91, 510)
(33, 510)
(3, 510)
(69, 511)
(2, 511)
(306, 511)
(337, 512)
(346, 512)
(19, 512)
(367, 513)
(105, 513)
(169, 513)
(15, 514)
(26, 514)
(59, 514)
(11, 515)
(508, 515)
(10, 515)
(148, 516)
(273, 516)
(3, 516)
(1, 517)
(3, 517)
(117, 517)
(403, 518)
(26, 518)
(11, 518)
(1, 519)
(116, 519)
(5, 519)
(3, 520)
(96, 520)
(4, 520)
(22, 521)
(3, 521)
(110, 521)
(184, 522)
(1, 522)
(224, 522)
(213, 523)
(455, 523)
(154, 523)
(15, 524)
(290, 524)
(3, 524)
(126, 525)
(177, 525)
(5, 525)
(275, 526)
(457, 526)
(195, 526)
(155, 527)
(149, 527)
(93, 527)
(0, 528)
(110, 528)
(101, 528)
(56, 529)
(3, 529)
(248, 529)
(1, 530)
(29, 530)
(16, 530)
(1, 531)
(3, 531)
(447, 531)
(249, 532)
(0, 532)
(22, 532)
(346, 533)
(1, 533)
(20, 533)
(196, 534)
(94, 534)
(7, 534)
(3, 535)
(125, 535)
(37, 535)
(31, 536)
(225, 536)
(49, 536)
(17, 537)
(26, 537)
(213, 537)
(3, 538)
(10, 538)
(117, 538)
(50, 539)
(7, 539)
(3, 539)
(169, 540)
(1, 540)
(14, 540)
(52, 541)
(26, 541)
(1, 541)
(2, 542)
(280, 542)
(250, 542)
(0, 543)
(33, 543)
(3, 543)
(436, 544)
(13, 544)
(22, 544)
(7, 545)
(121, 545)
(53, 545)
(266, 546)
(71, 546)
(15, 546)
(49, 547)
(16, 547)
(52, 547)
(1, 548)
(151, 548)
(14, 548)
(45, 549)
(233, 549)
(166, 549)
(3, 550)
(26, 550)
(53, 550)
(3, 551)
(93, 551)
(116, 551)
(0, 552)
(2, 552)
(26, 552)
(3, 553)
(68, 553)
(117, 553)
(15, 554)
(16, 554)
(135, 554)
(410, 555)
(465, 555)
(273, 555)
(47, 556)
(196, 556)
(64, 556)
(66, 557)
(15, 557)
(3, 557)
(28, 558)
(4, 558)
(408, 558)
(126, 559)
(496, 559)
(0, 559)
(337, 560)
(15, 560)
(5, 560)
(77, 561)
(3, 561)
(52, 561)
(11, 562)
(290, 562)
(75, 562)
(13, 563)
(5, 563)
(12, 563)
(26, 564)
(4, 564)
(3, 564)
(28, 565)
(16, 565)
(177, 565)
(0, 566)
(82, 566)
(366, 566)
(26, 567)
(1, 567)
(33, 567)
(0, 568)
(16, 568)
(3, 568)
(0, 569)
(3, 569)
(45, 569)
(11, 570)
(0, 570)
(3, 570)
(3, 571)
(432, 571)
(16, 571)
(251, 572)
(3, 572)
(82, 572)
(105, 573)
(211, 573)
(13, 573)
(23, 574)
(5, 574)
(16, 574)
(410, 575)
(2, 575)
(98, 575)
(32, 576)
(114, 576)
(257, 576)
(363, 577)
(5, 577)
(7, 577)
(138, 578)
(105, 578)
(47, 578)
(3, 579)
(1, 579)
(0, 579)
(16, 580)
(3, 580)
(105, 580)
(273, 581)
(2, 581)
(155, 581)
(64, 582)
(37, 582)
(11, 582)
(69, 583)
(75, 583)
(0, 583)
(3, 584)
(15, 584)
(492, 584)
(16, 585)
(3, 585)
(81, 585)
(2, 586)
(3, 586)
(166, 586)
(88, 587)
(0, 587)
(47, 587)
(87, 588)
(7, 588)
(111, 588)
(484, 589)
(37, 589)
(230, 589)
(26, 590)
(93, 590)
(21, 590)
(0, 591)
(3, 591)
(2, 591)
(51, 592)
(452, 592)
(33, 592)
(0, 593)
(7, 593)
(75, 593)
(180, 594)
(1, 594)
(7, 594)
(18, 595)
(278, 595)
(288, 595)
(458, 596)
(545, 596)
(133, 596)
(176, 597)
(111, 597)
(46, 597)
(1, 598)
(94, 598)
(16, 598)
(11, 599)
(108, 599)
(87, 599)
(26, 600)
(368, 600)
(11, 600)
(196, 601)
(11, 601)
(1, 601)
(289, 602)
(526, 602)
(7, 602)
(391, 603)
(196, 603)
(7, 603)
(187, 604)
(53, 604)
(148, 604)
(31, 605)
(15, 605)
(71, 605)
(196, 606)
(169, 606)
(55, 606)
(343, 607)
(75, 607)
(28, 607)
(61, 608)
(1, 608)
(29, 608)
(335, 609)
(5, 609)
(16, 609)
(250, 610)
(82, 610)
(2, 610)
(11, 611)
(1, 611)
(441, 611)
(83, 612)
(13, 612)
(56, 612)
(11, 613)
(5, 613)
(1, 613)
(5, 614)
(17, 614)
(0, 614)
(389, 615)
(0, 615)
(4, 615)
(295, 616)
(513, 616)
(5, 616)
(0, 617)
(78, 617)
(11, 617)
(210, 618)
(347, 618)
(320, 618)
(225, 619)
(16, 619)
(1, 619)
(0, 620)
(207, 620)
(61, 620)
(3, 621)
(166, 621)
(343, 621)
(1, 622)
(5, 622)
(69, 622)
(342, 623)
(230, 623)
(13, 623)
(6, 624)
(1, 624)
(68, 624)
(52, 625)
(7, 625)
(16, 625)
(225, 626)
(31, 626)
(429, 626)
(0, 627)
(28, 627)
(5, 627)
(187, 628)
(3, 628)
(557, 628)
(1, 629)
(87, 629)
(338, 629)
(75, 630)
(11, 630)
(176, 630)
(4, 631)
(0, 631)
(186, 631)
(133, 632)
(2, 632)
(11, 632)
(1, 633)
(126, 633)
(151, 633)
(342, 634)
(53, 634)
(5, 634)
(140, 635)
(366, 635)
(0, 635)
(97, 636)
(0, 636)
(39, 636)
(22, 637)
(16, 637)
(168, 637)
(1, 638)
(295, 638)
(5, 638)
(168, 639)
(26, 639)
(96, 639)
(75, 640)
(108, 640)
(71, 640)
(21, 641)
(2, 641)
(22, 641)
(71, 642)
(121, 642)
(416, 642)
(61, 643)
(13, 643)
(627, 643)
(65, 644)
(83, 644)
(121, 644)
(1, 645)
(476, 645)
(26, 645)
(598, 646)
(239, 646)
(186, 646)
(499, 647)
(301, 647)
(43, 647)
(2, 648)
(126, 648)
(6, 648)
(93, 649)
(3, 649)
(61, 649)
(0, 650)
(225, 650)
(52, 650)
(4, 651)
(46, 651)
(213, 651)
(640, 652)
(555, 652)
(344, 652)
(169, 653)
(60, 653)
(66, 653)
(1, 654)
(5, 654)
(252, 654)
(1, 655)
(305, 655)
(3, 655)
(29, 656)
(1, 656)
(2, 656)
(5, 657)
(13, 657)
(82, 657)
(218, 658)
(77, 658)
(7, 658)
(105, 659)
(33, 659)
(52, 659)
(0, 660)
(134, 660)
(33, 660)
(5, 661)
(247, 661)
(33, 661)
(56, 662)
(508, 662)
(160, 662)
(5, 663)
(342, 663)
(53, 663)
(244, 664)
(2, 664)
(156, 664)
(69, 665)
(105, 665)
(2, 665)
(195, 666)
(66, 666)
(305, 666)
(33, 667)
(21, 667)
(275, 667)
(7, 668)
(156, 668)
(532, 668)
(5, 669)
(142, 669)
(126, 669)
(65, 670)
(148, 670)
(1, 670)
(0, 671)
(61, 671)
(142, 671)
(3, 672)
(154, 672)
(11, 672)
(218, 673)
(173, 673)
(7, 673)
(16, 674)
(297, 674)
(13, 674)
(61, 675)
(184, 675)
(19, 675)
(42, 676)
(7, 676)
(21, 676)
(521, 677)
(21, 677)
(1, 677)
(37, 678)
(126, 678)
(240, 678)
(447, 679)
(59, 679)
(66, 679)
(3, 680)
(105, 680)
(34, 680)
(556, 681)
(57, 681)
(94, 681)
(108, 682)
(3, 682)
(90, 682)
(176, 683)
(96, 683)
(0, 683)
(555, 684)
(28, 684)
(98, 684)
(640, 685)
(149, 685)
(75, 685)
(523, 686)
(371, 686)
(1, 686)
(4, 687)
(538, 687)
(29, 687)
(1, 688)
(121, 688)
(69, 688)
(4, 689)
(54, 689)
(22, 689)
(3, 690)
(14, 690)
(464, 690)
(66, 691)
(248, 691)
(169, 691)
(2, 692)
(318, 692)
(394, 692)
(13, 693)
(19, 693)
(1, 693)
(3, 694)
(7, 694)
(624, 694)
(3, 695)
(64, 695)
(66, 695)
(250, 696)
(424, 696)
(77, 696)
(5, 697)
(266, 697)
(579, 697)
(31, 698)
(184, 698)
(694, 698)
(26, 699)
(15, 699)
(76, 699)
(169, 700)
(5, 700)
(48, 700)
(41, 701)
(108, 701)
(73, 701)
(685, 702)
(463, 702)
(421, 702)
(410, 703)
(156, 703)
(585, 703)
(698, 704)
(484, 704)
(11, 704)
(22, 705)
(37, 705)
(352, 705)
(75, 706)
(22, 706)
(70, 706)
(56, 707)
(555, 707)
(0, 707)
(51, 708)
(452, 708)
(190, 708)
(24, 709)
(16, 709)
(227, 709)
(75, 710)
(490, 710)
(452, 710)
(96, 711)
(21, 711)
(562, 711)
(68, 712)
(64, 712)
(580, 712)
(342, 713)
(302, 713)
(585, 713)
(684, 714)
(5, 714)
(196, 714)
(156, 715)
(2, 715)
(105, 715)
(5, 716)
(2, 716)
(61, 716)
(5, 717)
(101, 717)
(16, 717)
(37, 718)
(12, 718)
(26, 718)
(3, 719)
(7, 719)
(271, 719)
(380, 720)
(3, 720)
(94, 720)
(531, 721)
(114, 721)
(328, 721)
(1, 722)
(26, 722)
(65, 722)
(108, 723)
(91, 723)
(233, 723)
(5, 724)
(4, 724)
(26, 724)
(328, 725)
(37, 725)
(49, 725)
(301, 726)
(139, 726)
(454, 726)
(213, 727)
(134, 727)
(676, 727)
(3, 728)
(94, 728)
(71, 728)
(97, 729)
(2, 729)
(0, 729)
(245, 730)
(432, 730)
(1, 730)
(285, 731)
(239, 731)
(3, 731)
(62, 732)
(65, 732)
(22, 732)
(5, 733)
(187, 733)
(37, 733)
(0, 734)
(230, 734)
(353, 734)
(5, 735)
(579, 735)
(570, 735)
(7, 736)
(406, 736)
(420, 736)
(175, 737)
(366, 737)
(1, 737)
(52, 738)
(613, 738)
(1, 738)
(62, 739)
(290, 739)
(209, 739)
(5, 740)
(0, 740)
(225, 740)
(273, 741)
(62, 741)
(26, 741)
(1, 742)
(48, 742)
(5, 742)
(13, 743)
(169, 743)
(644, 743)
(4, 744)
(321, 744)
(15, 744)
(601, 745)
(6, 745)
(26, 745)
(29, 746)
(2, 746)
(3, 746)
(52, 747)
(160, 747)
(154, 747)
(32, 748)
(110, 748)
(3, 748)
(3, 749)
(2, 749)
(287, 749)
(1, 750)
(678, 750)
(152, 750)
(5, 751)
(149, 751)
(225, 751)
(19, 752)
(33, 752)
(0, 752)
(5, 753)
(499, 753)
(3, 753)
(75, 754)
(1, 754)
(194, 754)
(43, 755)
(0, 755)
(71, 755)
(0, 756)
(37, 756)
(277, 756)
(3, 757)
(679, 757)
(364, 757)
(62, 758)
(51, 758)
(15, 758)
(69, 759)
(21, 759)
(5, 759)
(620, 760)
(23, 760)
(76, 760)
(61, 761)
(75, 761)
(28, 761)
(493, 762)
(246, 762)
(4, 762)
(246, 763)
(0, 763)
(90, 763)
(77, 764)
(0, 764)
(335, 764)
(11, 765)
(7, 765)
(71, 765)
(16, 766)
(119, 766)
(300, 766)
(207, 767)
(668, 767)
(573, 767)
(33, 768)
(39, 768)
(91, 768)
(4, 769)
(13, 769)
(210, 769)
(195, 770)
(46, 770)
(398, 770)
(65, 771)
(12, 771)
(4, 771)
(0, 772)
(4, 772)
(2, 772)
(179, 773)
(139, 773)
(284, 773)
(277, 774)
(4, 774)
(598, 774)
(31, 775)
(26, 775)
(28, 775)
(426, 776)
(2, 776)
(68, 776)
(344, 777)
(64, 777)
(76, 777)
(93, 778)
(16, 778)
(149, 778)
(290, 779)
(21, 779)
(55, 779)
(0, 780)
(28, 780)
(87, 780)
(53, 781)
(290, 781)
(676, 781)
(51, 782)
(619, 782)
(105, 782)
(1, 783)
(33, 783)
(65, 783)
(1, 784)
(3, 784)
(357, 784)
(14, 785)
(7, 785)
(26, 785)
(458, 786)
(186, 786)
(4, 786)
(16, 787)
(1, 787)
(3, 787)
(3, 788)
(225, 788)
(1, 788)
(684, 789)
(4, 789)
(542, 789)
(1, 790)
(702, 790)
(612, 790)
(196, 791)
(174, 791)
(3, 791)
(151, 792)
(46, 792)
(16, 792)
(1, 793)
(60, 793)
(95, 793)
(105, 794)
(4, 794)
(0, 794)
(138, 795)
(121, 795)
(759, 795)
(5, 796)
(628, 796)
(38, 796)
(307, 797)
(344, 797)
(582, 797)
(1, 798)
(374, 798)
(0, 798)
(273, 799)
(70, 799)
(66, 799)
(392, 800)
(52, 800)
(16, 800)
(42, 801)
(5, 801)
(3, 801)
(759, 802)
(126, 802)
(318, 802)
(3, 803)
(7, 803)
(628, 803)
(133, 804)
(240, 804)
(1, 804)
(5, 805)
(357, 805)
(21, 805)
(731, 806)
(743, 806)
(61, 806)
(1, 807)
(483, 807)
(46, 807)
(110, 808)
(33, 808)
(282, 808)
(29, 809)
(1, 809)
(2, 809)
(3, 810)
(2, 810)
(48, 810)
(223, 811)
(614, 811)
(179, 811)
(308, 812)
(28, 812)
(10, 812)
(41, 813)
(157, 813)
(0, 813)
(134, 814)
(476, 814)
(22, 814)
(61, 815)
(749, 815)
(0, 815)
(408, 816)
(539, 816)
(3, 816)
(651, 817)
(47, 817)
(637, 817)
(140, 818)
(68, 818)
(45, 818)
(175, 819)
(7, 819)
(0, 819)
(160, 820)
(48, 820)
(532, 820)
(743, 821)
(11, 821)
(271, 821)
(225, 822)
(26, 822)
(596, 822)
(31, 823)
(48, 823)
(553, 823)
(94, 824)
(797, 824)
(56, 824)
(5, 825)
(2, 825)
(3, 825)
(7, 826)
(3, 826)
(524, 826)
(223, 827)
(572, 827)
(1, 827)
(1, 828)
(13, 828)
(240, 828)
(16, 829)
(346, 829)
(19, 829)
(11, 830)
(93, 830)
(105, 830)
(719, 831)
(320, 831)
(5, 831)
(101, 832)
(26, 832)
(83, 832)
(1, 833)
(166, 833)
(66, 833)
(12, 834)
(22, 834)
(593, 834)
(4, 835)
(179, 835)
(75, 835)
(7, 836)
(227, 836)
(33, 836)
(318, 837)
(1, 837)
(16, 837)
(1, 838)
(589, 838)
(230, 838)
(190, 839)
(7, 839)
(3, 839)
(108, 840)
(266, 840)
(0, 840)
(295, 841)
(318, 841)
(770, 841)
(512, 842)
(1, 842)
(5, 842)
(314, 843)
(7, 843)
(838, 843)
(69, 844)
(62, 844)
(3, 844)
(426, 845)
(29, 845)
(2, 845)
(258, 846)
(15, 846)
(59, 846)
(117, 847)
(698, 847)
(2, 847)
(14, 848)
(4, 848)
(0, 848)
(7, 849)
(835, 849)
(83, 849)
(3, 850)
(108, 850)
(69, 850)
(463, 851)
(395, 851)
(250, 851)
(180, 852)
(727, 852)
(139, 852)
(344, 853)
(173, 853)
(5, 853)
(3, 854)
(342, 854)
(2, 854)
(312, 855)
(118, 855)
(7, 855)
(153, 856)
(3, 856)
(17, 856)
(84, 857)
(16, 857)
(11, 857)
(19, 858)
(3, 858)
(1, 858)
(399, 859)
(4, 859)
(22, 859)
(184, 860)
(3, 860)
(741, 860)
(111, 861)
(9, 861)
(5, 861)
(11, 862)
(26, 862)
(140, 862)
(316, 863)
(361, 863)
(179, 863)
(56, 864)
(52, 864)
(28, 864)
(230, 865)
(564, 865)
(3, 865)
(7, 866)
(2, 866)
(71, 866)
(105, 867)
(0, 867)
(275, 867)
(318, 868)
(5, 868)
(788, 868)
(55, 869)
(52, 869)
(111, 869)
(764, 870)
(1, 870)
(3, 870)
(65, 871)
(1, 871)
(539, 871)
(321, 872)
(318, 872)
(196, 872)
(4, 873)
(99, 873)
(11, 873)
(11, 874)
(71, 874)
(3, 874)
(66, 875)
(547, 875)
(13, 875)
(155, 876)
(33, 876)
(83, 876)
(631, 877)
(4, 877)
(26, 877)
(105, 878)
(464, 878)
(22, 878)
(16, 879)
(534, 879)
(1, 879)
(0, 880)
(687, 880)
(53, 880)
(22, 881)
(75, 881)
(698, 881)
(33, 882)
(79, 882)
(68, 882)
(245, 883)
(3, 883)
(314, 883)
(396, 884)
(26, 884)
(421, 884)
(2, 885)
(33, 885)
(11, 885)
(108, 886)
(2, 886)
(211, 886)
(94, 887)
(54, 887)
(16, 887)
(28, 888)
(2, 888)
(175, 888)
(196, 889)
(2, 889)
(9, 889)
(108, 890)
(5, 890)
(484, 890)
(26, 891)
(16, 891)
(110, 891)
(71, 892)
(484, 892)
(176, 892)
(26, 893)
(436, 893)
(62, 893)
(489, 894)
(21, 894)
(105, 894)
(16, 895)
(10, 895)
(0, 895)
(105, 896)
(0, 896)
(476, 896)
(44, 897)
(77, 897)
(66, 897)
(1, 898)
(17, 898)
(5, 898)
(93, 899)
(196, 899)
(1, 899)
(0, 900)
(29, 900)
(556, 900)
(3, 901)
(356, 901)
(26, 901)
(223, 902)
(1, 902)
(7, 902)
(7, 903)
(3, 903)
(78, 903)
(3, 904)
(110, 904)
(275, 904)
(28, 905)
(93, 905)
(78, 905)
(282, 906)
(548, 906)
(4, 906)
(41, 907)
(48, 907)
(284, 907)
(26, 908)
(205, 908)
(452, 908)
(57, 909)
(7, 909)
(38, 909)
(1, 910)
(69, 910)
(22, 910)
(76, 911)
(61, 911)
(78, 911)
(218, 912)
(50, 912)
(15, 912)
(194, 913)
(15, 913)
(114, 913)
(2, 914)
(184, 914)
(26, 914)
(40, 915)
(7, 915)
(146, 915)
(0, 916)
(647, 916)
(534, 916)
(37, 917)
(183, 917)
(62, 917)
(75, 918)
(22, 918)
(803, 918)
(499, 919)
(138, 919)
(91, 919)
(1, 920)
(3, 920)
(156, 920)
(273, 921)
(105, 921)
(305, 921)
(5, 922)
(788, 922)
(11, 922)
(614, 923)
(838, 923)
(666, 923)
(26, 924)
(114, 924)
(76, 924)
(26, 925)
(284, 925)
(68, 925)
(114, 926)
(287, 926)
(16, 926)
(372, 927)
(289, 927)
(910, 927)
(218, 928)
(372, 928)
(11, 928)
(332, 929)
(545, 929)
(155, 929)
(4, 930)
(0, 930)
(53, 930)
(26, 931)
(105, 931)
(728, 931)
(3, 932)
(774, 932)
(131, 932)
(71, 933)
(369, 933)
(420, 933)
(7, 934)
(17, 934)
(125, 934)
(640, 935)
(31, 935)
(62, 935)
(31, 936)
(76, 936)
(7, 936)
(6, 937)
(1, 937)
(259, 937)
(484, 938)
(126, 938)
(179, 938)
(568, 939)
(148, 939)
(13, 939)
(431, 940)
(11, 940)
(12, 940)
(11, 941)
(230, 941)
(568, 941)
(156, 942)
(77, 942)
(7, 942)
(2, 943)
(6, 943)
(1, 943)
(1, 944)
(284, 944)
(105, 944)
(37, 945)
(53, 945)
(93, 945)
(340, 946)
(2, 946)
(32, 946)
(250, 947)
(11, 947)
(0, 947)
(94, 948)
(28, 948)
(2, 948)
(300, 949)
(105, 949)
(52, 949)
(7, 950)
(66, 950)
(355, 950)
(1, 951)
(14, 951)
(3, 951)
(301, 952)
(3, 952)
(54, 952)
(804, 953)
(15, 953)
(269, 953)
(560, 954)
(55, 954)
(26, 954)
(0, 955)
(68, 955)
(248, 955)
(15, 956)
(2, 956)
(741, 956)
(1, 957)
(568, 957)
(16, 957)
(29, 958)
(76, 958)
(207, 958)
(3, 959)
(95, 959)
(449, 959)
(4, 960)
(84, 960)
(60, 960)
(745, 961)
(110, 961)
(29, 961)
(76, 962)
(7, 962)
(811, 962)
(472, 963)
(2, 963)
(62, 963)
(324, 964)
(16, 964)
(26, 964)
(53, 965)
(47, 965)
(22, 965)
(5, 966)
(105, 966)
(83, 966)
(78, 967)
(180, 967)
(218, 967)
(15, 968)
(33, 968)
(767, 968)
(204, 969)
(7, 969)
(35, 969)
(19, 970)
(10, 970)
(117, 970)
(49, 971)
(0, 971)
(16, 971)
(7, 972)
(164, 972)
(5, 972)
(108, 973)
(7, 973)
(3, 973)
(73, 974)
(133, 974)
(4, 974)
(140, 975)
(549, 975)
(44, 975)
(5, 976)
(601, 976)
(9, 976)
(12, 977)
(649, 977)
(204, 977)
(93, 978)
(601, 978)
(5, 978)
(801, 979)
(0, 979)
(702, 979)
(0, 980)
(38, 980)
(23, 980)
(2, 981)
(348, 981)
(74, 981)
(78, 982)
(837, 982)
(2, 982)
(0, 983)
(87, 983)
(482, 983)
(3, 984)
(458, 984)
(598, 984)
(328, 985)
(390, 985)
(174, 985)
(290, 986)
(305, 986)
(26, 986)
(267, 987)
(233, 987)
(1, 987)
(2, 988)
(148, 988)
(49, 988)
(344, 989)
(33, 989)
(117, 989)
(91, 990)
(223, 990)
(484, 990)
(26, 991)
(230, 991)
(75, 991)
(41, 992)
(283, 992)
(225, 992)
(16, 993)
(209, 993)
(268, 993)
(11, 994)
(41, 994)
(447, 994)
(176, 995)
(164, 995)
(174, 995)
(344, 996)
(28, 996)
(449, 996)
(179, 997)
(362, 997)
(1, 997)
(626, 998)
(892, 998)
(476, 998)
(188, 999)
(108, 999)
(16, 999)
