(8, 16)
(17, 22)
(20, 35)
(14, 41)
(9, 48)
(16, 49)
(10, 52)
(27, 52)
(32, 53)
(35, 54)
(32, 55)
(31, 56)
(46, 60)
(31, 61)
(25, 63)
(47, 63)
(54, 64)
(48, 65)
(6, 67)
(45, 67)
(18, 68)
(48, 72)
(71, 75)
(71, 76)
(39, 80)
(53, 80)
(56, 82)
(0, 83)
(26, 85)
(60, 87)
(15, 90)
(49, 91)
(63, 91)
(66, 91)
(64, 92)
(35, 96)
(52, 96)
(54, 97)
(91, 97)
(46, 99)
(72, 99)
(26, 100)
(46, 100)
(69, 103)
(96, 103)
(80, 104)
(84, 105)
(18, 106)
(26, 106)
(77, 110)
(109, 110)
(29, 112)
(71, 113)
(33, 116)
(106, 116)
(56, 117)
(83, 117)
(22, 118)
(64, 118)
(31, 119)
(4, 123)
(84, 123)
(88, 123)
(120, 123)
(110, 124)
(80, 125)
(86, 125)
(87, 125)
(55, 126)
(5, 129)
(121, 130)
(28, 132)
(48, 132)
(118, 132)
(123, 132)
(27, 133)
(40, 133)
(44, 134)
(9, 135)
(58, 135)
(110, 135)
(133, 135)
(125, 137)
(113, 139)
(105, 141)
(57, 142)
(37, 144)
(4, 145)
(54, 145)
(122, 146)
(136, 146)
(139, 148)
(94, 150)
(133, 150)
(51, 152)
(13, 157)
(79, 157)
(18, 158)
(68, 158)
(141, 158)
(8, 159)
(42, 159)
(28, 160)
(60, 161)
(80, 163)
(94, 164)
(64, 165)
(127, 165)
(12, 166)
(25, 167)
(26, 168)
(48, 168)
(88, 168)
(45, 169)
(83, 169)
(51, 171)
(83, 171)
(138, 171)
(27, 173)
(125, 173)
(82, 174)
(100, 174)
(73, 178)
(134, 178)
(157, 178)
(32, 179)
(117, 180)
(28, 181)
(56, 181)
(115, 181)
(165, 181)
(147, 182)
(110, 183)
(56, 185)
(42, 186)
(140, 186)
(124, 188)
(22, 189)
(56, 189)
(102, 189)
(115, 189)
(63, 190)
(156, 192)
(68, 193)
(77, 193)
(88, 194)
(90, 194)
(138, 195)
(16, 196)
(150, 196)
(131, 197)
(9, 200)
(136, 200)
(127, 201)
(174, 201)
(5, 202)
(41, 203)
(109, 203)
(137, 203)
(0, 204)
(93, 204)
(144, 204)
(61, 205)
(92, 205)
(114, 205)
(140, 205)
(65, 206)
(44, 207)
(139, 208)
(115, 209)
(145, 209)
(54, 211)
(114, 211)
(54, 212)
(138, 213)
(204, 213)
(20, 214)
(167, 215)
(46, 216)
(75, 216)
(179, 216)
(47, 217)
(54, 217)
(65, 217)
(154, 217)
(21, 218)
(30, 218)
(171, 219)
(175, 219)
(142, 220)
(151, 220)
(100, 221)
(127, 223)
(219, 225)
(44, 226)
(82, 226)
(60, 228)
(98, 228)
(62, 231)
(95, 231)
(186, 231)
(138, 232)
(143, 232)
(38, 234)
(78, 234)
(1, 235)
(63, 235)
(99, 235)
(135, 235)
(211, 235)
(220, 235)
(153, 236)
(158, 236)
(48, 237)
(109, 237)
(169, 237)
(178, 237)
(214, 237)
(61, 238)
(94, 238)
(143, 238)
(10, 239)
(140, 239)
(89, 240)
(152, 240)
(60, 241)
(200, 241)
(192, 242)
(183, 243)
(229, 243)
(241, 243)
(153, 245)
(168, 245)
(10, 247)
(164, 247)
(55, 248)
(57, 248)
(141, 248)
(62, 250)
(193, 250)
(99, 251)
(124, 251)
(65, 252)
(129, 252)
(80, 253)
(231, 253)
(171, 254)
(88, 256)
(135, 256)
(156, 257)
(175, 257)
(202, 257)
(13, 258)
(33, 258)
(43, 258)
(36, 259)
(240, 259)
(115, 260)
(119, 260)
(152, 260)
(226, 260)
(119, 261)
(143, 261)
(202, 261)
(6, 262)
(68, 262)
(98, 262)
(184, 262)
(13, 263)
(81, 263)
(124, 263)
(74, 264)
(119, 264)
(132, 264)
(169, 264)
(194, 264)
(126, 265)
(44, 266)
(93, 266)
(240, 266)
(137, 267)
(215, 268)
(51, 269)
(56, 269)
(211, 269)
(166, 270)
(169, 270)
(123, 271)
(18, 272)
(209, 272)
(66, 273)
(195, 273)
(143, 274)
(202, 275)
(221, 275)
(24, 276)
(173, 276)
(203, 277)
(171, 279)
(252, 279)
(111, 280)
(14, 281)
(83, 281)
(162, 281)
(218, 281)
(80, 282)
(205, 282)
(66, 283)
(276, 283)
(34, 284)
(167, 284)
(197, 284)
(199, 284)
(272, 284)
(22, 285)
(92, 285)
(283, 285)
(25, 286)
(26, 286)
(104, 286)
(160, 286)
(178, 287)
(131, 288)
(54, 289)
(42, 290)
(73, 290)
(275, 290)
(48, 291)
(60, 291)
(69, 292)
(219, 292)
(120, 293)
(254, 293)
(87, 294)
(107, 294)
(217, 295)
(93, 296)
(275, 296)
(295, 297)
(186, 298)
(196, 298)
(126, 299)
(193, 299)
(242, 299)
(105, 300)
(252, 300)
(231, 301)
(30, 302)
(91, 302)
(207, 303)
(39, 304)
(102, 304)
(118, 304)
(144, 304)
(17, 305)
(291, 305)
(115, 306)
(91, 307)
(161, 308)
(197, 308)
(201, 308)
(17, 309)
(71, 310)
(194, 310)
(285, 310)
(129, 311)
(257, 311)
(286, 311)
(289, 311)
(271, 312)
(3, 313)
(83, 313)
(119, 314)
(19, 315)
(124, 315)
(200, 315)
(212, 315)
(42, 316)
(66, 316)
(82, 316)
(143, 316)
(107, 317)
(152, 317)
(115, 318)
(282, 318)
(312, 322)
(82, 323)
(101, 323)
(224, 323)
(0, 324)
(114, 324)
(232, 324)
(10, 325)
(52, 325)
(59, 325)
(104, 325)
(150, 325)
(161, 325)
(188, 325)
(64, 327)
(211, 327)
(129, 328)
(166, 328)
(300, 328)
(71, 329)
(142, 329)
(185, 329)
(12, 330)
(80, 330)
(150, 330)
(182, 330)
(267, 330)
(39, 331)
(304, 331)
(307, 331)
(315, 331)
(43, 332)
(312, 332)
(328, 333)
(236, 334)
(294, 334)
(251, 336)
(306, 336)
(101, 337)
(204, 337)
(206, 337)
(273, 337)
(21, 338)
(34, 338)
(184, 338)
(279, 339)
(152, 340)
(247, 340)
(271, 340)
(283, 340)
(47, 342)
(239, 342)
(242, 342)
(271, 342)
(278, 342)
(308, 342)
(337, 342)
(113, 343)
(211, 343)
(303, 343)
(46, 344)
(21, 345)
(61, 346)
(195, 346)
(260, 346)
(147, 347)
(195, 347)
(306, 347)
(50, 348)
(73, 348)
(125, 348)
(181, 348)
(324, 348)
(72, 349)
(98, 349)
(128, 349)
(288, 349)
(70, 350)
(238, 350)
(93, 351)
(185, 351)
(169, 352)
(174, 352)
(341, 352)
(28, 353)
(301, 353)
(332, 353)
(121, 354)
(342, 354)
(343, 354)
(53, 355)
(78, 355)
(249, 355)
(254, 355)
(256, 355)
(261, 355)
(319, 355)
(338, 355)
(342, 355)
(36, 356)
(110, 356)
(330, 356)
(294, 357)
(330, 357)
(332, 357)
(356, 357)
(213, 358)
(275, 360)
(299, 360)
(338, 360)
(99, 361)
(218, 361)
(32, 362)
(38, 362)
(121, 362)
(149, 362)
(151, 362)
(294, 362)
(361, 362)
(110, 363)
(257, 364)
(145, 365)
(167, 366)
(62, 367)
(212, 367)
(300, 367)
(331, 367)
(115, 368)
(172, 368)
(216, 369)
(79, 370)
(90, 370)
(142, 370)
(242, 370)
(59, 371)
(333, 371)
(341, 371)
(20, 372)
(357, 372)
(114, 373)
(355, 373)
(233, 374)
(60, 375)
(71, 375)
(269, 375)
(294, 375)
(91, 376)
(294, 376)
(323, 376)
(326, 376)
(35, 377)
(159, 377)
(188, 377)
(223, 377)
(253, 377)
(30, 378)
(268, 378)
(354, 378)
(376, 378)
(43, 379)
(66, 379)
(247, 379)
(304, 379)
(352, 379)
(197, 380)
(219, 380)
(33, 381)
(159, 381)
(192, 381)
(238, 381)
(244, 381)
(266, 381)
(313, 381)
(335, 381)
(343, 381)
(350, 381)
(3, 382)
(116, 382)
(125, 382)
(150, 382)
(193, 382)
(296, 382)
(378, 382)
(137, 383)
(245, 383)
(130, 384)
(137, 384)
(146, 384)
(358, 384)
(238, 385)
(298, 385)
(100, 386)
(179, 386)
(141, 387)
(165, 387)
(174, 387)
(191, 387)
(245, 388)
(304, 388)
(18, 389)
(139, 389)
(140, 389)
(185, 389)
(264, 389)
(310, 389)
(54, 390)
(66, 390)
(72, 390)
(134, 390)
(172, 390)
(224, 390)
(345, 390)
(100, 391)
(234, 391)
(47, 392)
(138, 392)
(157, 392)
(173, 392)
(213, 392)
(360, 392)
(253, 393)
(183, 394)
(217, 394)
(273, 394)
(391, 394)
(147, 395)
(207, 395)
(338, 395)
(51, 396)
(126, 396)
(318, 396)
(182, 397)
(230, 397)
(385, 397)
(387, 397)
(70, 398)
(85, 398)
(138, 398)
(272, 398)
(334, 398)
(40, 399)
(140, 399)
(227, 399)
(303, 399)
(196, 400)
(262, 400)
(302, 400)
(335, 400)
(39, 401)
(119, 401)
(169, 401)
(262, 401)
(361, 401)
(86, 402)
(98, 402)
(70, 403)
(240, 403)
(308, 403)
(315, 403)
(14, 404)
(74, 404)
(103, 404)
(387, 404)
(399, 404)
(225, 405)
(320, 405)
(54, 406)
(136, 406)
(150, 406)
(320, 406)
(186, 407)
(339, 407)
(405, 407)
(120, 408)
(342, 408)
(378, 408)
(52, 409)
(131, 409)
(178, 409)
(234, 409)
(247, 409)
(371, 409)
(144, 410)
(105, 411)
(118, 411)
(241, 411)
(259, 411)
(263, 411)
(67, 414)
(202, 414)
(247, 414)
(278, 414)
(318, 414)
(374, 414)
(9, 415)
(100, 415)
(205, 415)
(245, 415)
(406, 415)
(35, 416)
(310, 417)
(374, 417)
(101, 418)
(248, 418)
(13, 419)
(334, 419)
(365, 419)
(372, 419)
(404, 419)
(116, 420)
(132, 420)
(210, 420)
(222, 420)
(295, 420)
(372, 420)
(25, 421)
(378, 421)
(414, 421)
(18, 422)
(72, 422)
(97, 422)
(143, 422)
(181, 422)
(206, 422)
(401, 422)
(48, 423)
(256, 423)
(359, 423)
(409, 423)
(164, 424)
(211, 424)
(19, 425)
(20, 425)
(208, 425)
(414, 425)
(139, 426)
(234, 426)
(329, 426)
(373, 426)
(176, 427)
(205, 427)
(300, 427)
(417, 427)
(2, 428)
(119, 428)
(277, 428)
(303, 428)
(326, 428)
(394, 428)
(16, 429)
(58, 429)
(187, 429)
(215, 429)
(363, 429)
(371, 429)
(92, 430)
(268, 430)
(306, 430)
(318, 430)
(66, 431)
(184, 431)
(207, 431)
(219, 431)
(414, 431)
(115, 432)
(131, 432)
(161, 432)
(218, 432)
(382, 432)
(275, 433)
(3, 434)
(150, 434)
(295, 434)
(373, 434)
(137, 435)
(262, 435)
(143, 436)
(293, 436)
(411, 436)
(404, 438)
(17, 439)
(164, 439)
(191, 439)
(256, 439)
(270, 439)
(350, 439)
(227, 440)
(287, 440)
(344, 440)
(376, 440)
(430, 440)
(54, 441)
(359, 441)
(46, 442)
(166, 442)
(283, 442)
(313, 442)
(377, 442)
(83, 443)
(171, 443)
(88, 444)
(197, 444)
(242, 444)
(264, 444)
(2, 445)
(6, 445)
(350, 445)
(362, 445)
(89, 446)
(103, 446)
(247, 446)
(260, 447)
(363, 447)
(73, 448)
(95, 448)
(124, 448)
(228, 448)
(393, 448)
(6, 449)
(21, 449)
(202, 449)
(365, 449)
(403, 449)
(201, 450)
(15, 451)
(58, 451)
(76, 452)
(84, 452)
(102, 452)
(173, 452)
(226, 452)
(372, 452)
(0, 453)
(174, 453)
(221, 453)
(298, 453)
(342, 453)
(426, 453)
(65, 454)
(85, 454)
(124, 454)
(111, 455)
(177, 455)
(260, 455)
(102, 456)
(262, 456)
(279, 456)
(322, 456)
(385, 456)
(395, 456)
(407, 457)
(441, 457)
(455, 457)
(102, 458)
(116, 458)
(311, 458)
(2, 459)
(3, 459)
(167, 460)
(308, 460)
(91, 461)
(155, 461)
(252, 461)
(285, 461)
(416, 461)
(149, 462)
(166, 462)
(200, 462)
(293, 462)
(322, 462)
(428, 462)
(48, 463)
(106, 463)
(274, 463)
(309, 463)
(2, 464)
(33, 464)
(97, 464)
(339, 464)
(348, 464)
(161, 465)
(171, 465)
(186, 465)
(354, 465)
(107, 466)
(199, 466)
(457, 466)
(143, 467)
(170, 467)
(281, 467)
(393, 467)
(403, 467)
(138, 468)
(441, 468)
(443, 468)
(68, 469)
(206, 469)
(218, 469)
(222, 469)
(408, 469)
(54, 470)
(83, 470)
(129, 470)
(205, 470)
(371, 470)
(42, 471)
(152, 471)
(158, 471)
(321, 471)
(45, 472)
(169, 472)
(238, 472)
(464, 472)
(431, 473)
(41, 474)
(77, 474)
(217, 474)
(328, 474)
(432, 474)
(70, 475)
(72, 475)
(371, 475)
(431, 475)
(460, 475)
(26, 476)
(41, 476)
(270, 476)
(414, 476)
(428, 476)
(74, 477)
(400, 477)
(0, 478)
(48, 478)
(347, 478)
(465, 478)
(152, 479)
(184, 479)
(445, 479)
(106, 480)
(233, 480)
(445, 480)
(84, 481)
(87, 481)
(110, 481)
(112, 481)
(203, 481)
(227, 481)
(339, 481)
(341, 481)
(467, 481)
(48, 482)
(85, 482)
(125, 482)
(207, 482)
(31, 483)
(165, 483)
(212, 483)
(312, 483)
(326, 484)
(68, 485)
(75, 485)
(143, 485)
(186, 485)
(304, 485)
(340, 485)
(454, 485)
(271, 486)
(93, 487)
(230, 487)
(284, 487)
(9, 488)
(378, 488)
(476, 488)
(13, 489)
(21, 489)
(57, 489)
(88, 489)
(273, 489)
(394, 490)
(138, 491)
(272, 491)
(366, 491)
(23, 492)
(72, 492)
(156, 493)
(350, 493)
(120, 494)
(165, 494)
(175, 494)
(178, 494)
(248, 494)
(493, 494)
(197, 495)
(282, 495)
(453, 495)
(466, 495)
(135, 496)
(367, 496)
(409, 496)
(426, 496)
(459, 496)
(205, 497)
(256, 497)
(322, 497)
(344, 497)
(370, 497)
(375, 497)
(38, 498)
(176, 498)
(321, 498)
(357, 498)
(187, 499)
(239, 499)
(49, 500)
(295, 500)
(67, 501)
(86, 501)
(146, 501)
(159, 501)
(225, 501)
(229, 501)
(371, 501)
(421, 501)
(450, 501)
(499, 501)
(29, 502)
(76, 502)
(418, 502)
(477, 502)
(479, 502)
(149, 503)
(221, 503)
(315, 503)
(233, 504)
(393, 504)
(177, 505)
(292, 505)
(343, 505)
(434, 505)
(490, 505)
(137, 506)
(183, 506)
(212, 506)
(251, 506)
(352, 506)
(430, 506)
(40, 507)
(87, 507)
(103, 507)
(323, 507)
(367, 507)
(386, 507)
(460, 507)
(5, 508)
(324, 508)
(297, 509)
(324, 509)
(466, 509)
(85, 510)
(217, 510)
(239, 510)
(252, 510)
(265, 510)
(272, 510)
(363, 510)
(379, 510)
(408, 510)
(435, 510)
(457, 510)
(31, 511)
(84, 511)
(116, 511)
(267, 511)
(274, 511)
(312, 511)
(18, 512)
(340, 512)
(288, 513)
(390, 513)
(60, 514)
(65, 514)
(150, 514)
(184, 514)
(350, 514)
(42, 515)
(78, 515)
(158, 515)
(221, 515)
(307, 515)
(19, 516)
(263, 516)
(147, 517)
(210, 517)
(234, 517)
(314, 517)
(371, 517)
(170, 518)
(308, 518)
(381, 518)
(241, 519)
(430, 519)
(451, 520)
(462, 520)
(121, 521)
(222, 521)
(231, 521)
(314, 521)
(399, 521)
(411, 521)
(498, 521)
(45, 522)
(115, 522)
(254, 522)
(407, 522)
(11, 523)
(346, 523)
(0, 524)
(46, 524)
(74, 524)
(322, 524)
(409, 524)
(292, 525)
(383, 525)
(129, 526)
(326, 526)
(333, 526)
(450, 526)
(81, 527)
(319, 527)
(470, 527)
(482, 527)
(10, 528)
(415, 528)
(231, 530)
(448, 530)
(466, 530)
(128, 531)
(189, 531)
(334, 531)
(417, 531)
(33, 532)
(219, 532)
(499, 532)
(73, 533)
(253, 533)
(254, 533)
(356, 533)
(401, 533)
(407, 533)
(39, 534)
(167, 534)
(177, 534)
(476, 534)
(73, 535)
(17, 536)
(78, 536)
(224, 536)
(265, 536)
(293, 536)
(419, 536)
(420, 536)
(173, 537)
(245, 538)
(279, 538)
(309, 538)
(384, 538)
(452, 538)
(185, 539)
(437, 539)
(24, 540)
(184, 540)
(243, 540)
(281, 540)
(327, 540)
(336, 540)
(371, 540)
(449, 540)
(536, 540)
(14, 541)
(81, 541)
(430, 541)
(431, 541)
(443, 541)
(473, 541)
(491, 541)
(18, 542)
(45, 542)
(255, 542)
(267, 542)
(229, 543)
(236, 543)
(393, 543)
(14, 544)
(29, 544)
(89, 544)
(197, 544)
(286, 544)
(429, 544)
(462, 544)
(522, 545)
(32, 546)
(57, 546)
(149, 546)
(235, 546)
(337, 546)
(453, 546)
(181, 547)
(191, 547)
(2, 548)
(143, 548)
(148, 548)
(231, 548)
(406, 548)
(407, 548)
(495, 548)
(64, 549)
(86, 549)
(190, 549)
(283, 549)
(336, 549)
(540, 549)
(121, 550)
(133, 550)
(234, 550)
(399, 550)
(476, 550)
(485, 550)
(532, 550)
(24, 551)
(51, 551)
(67, 551)
(248, 551)
(263, 551)
(458, 551)
(479, 551)
(542, 551)
(100, 552)
(169, 552)
(177, 552)
(467, 552)
(481, 552)
(96, 553)
(175, 553)
(288, 553)
(329, 553)
(370, 553)
(110, 554)
(347, 554)
(391, 554)
(79, 555)
(155, 555)
(156, 555)
(162, 555)
(83, 556)
(158, 556)
(471, 556)
(522, 556)
(137, 557)
(146, 557)
(294, 557)
(375, 557)
(59, 558)
(156, 558)
(241, 558)
(318, 558)
(437, 558)
(135, 559)
(197, 559)
(351, 559)
(535, 559)
(54, 560)
(58, 560)
(92, 560)
(131, 560)
(245, 560)
(367, 560)
(398, 560)
(416, 560)
(44, 561)
(60, 561)
(74, 561)
(94, 561)
(97, 561)
(118, 561)
(216, 561)
(312, 561)
(411, 561)
(320, 562)
(471, 562)
(267, 563)
(310, 563)
(450, 563)
(452, 563)
(489, 563)
(534, 563)
(20, 564)
(26, 564)
(362, 564)
(412, 564)
(421, 564)
(429, 564)
(446, 564)
(2, 565)
(18, 565)
(21, 565)
(66, 565)
(234, 565)
(471, 565)
(91, 566)
(101, 566)
(356, 566)
(387, 566)
(533, 566)
(230, 567)
(450, 567)
(494, 567)
(66, 568)
(109, 568)
(334, 568)
(382, 568)
(42, 569)
(456, 569)
(104, 570)
(145, 570)
(167, 570)
(179, 570)
(267, 570)
(295, 570)
(332, 570)
(381, 570)
(487, 570)
(121, 571)
(211, 571)
(353, 571)
(389, 571)
(9, 572)
(97, 572)
(332, 572)
(463, 572)
(472, 572)
(556, 572)
(558, 572)
(260, 573)
(310, 573)
(328, 573)
(387, 573)
(479, 573)
(334, 574)
(383, 574)
(489, 574)
(499, 574)
(189, 575)
(28, 576)
(162, 576)
(191, 576)
(286, 576)
(284, 577)
(306, 577)
(461, 577)
(86, 578)
(142, 578)
(347, 578)
(360, 578)
(423, 578)
(565, 578)
(31, 579)
(90, 579)
(145, 579)
(216, 579)
(456, 579)
(465, 579)
(473, 579)
(479, 579)
(577, 579)
(12, 580)
(187, 580)
(561, 580)
(579, 580)
(83, 581)
(168, 581)
(280, 581)
(449, 581)
(49, 582)
(120, 582)
(310, 582)
(469, 582)
(15, 583)
(125, 583)
(257, 583)
(389, 583)
(14, 584)
(67, 584)
(87, 584)
(125, 584)
(213, 584)
(220, 584)
(223, 584)
(269, 584)
(484, 584)
(577, 584)
(65, 585)
(101, 585)
(160, 585)
(233, 585)
(305, 585)
(384, 585)
(455, 585)
(578, 585)
(98, 586)
(120, 586)
(147, 586)
(259, 586)
(96, 587)
(153, 587)
(217, 587)
(265, 587)
(493, 587)
(497, 587)
(37, 588)
(146, 588)
(200, 588)
(331, 588)
(352, 588)
(580, 588)
(22, 589)
(84, 589)
(174, 589)
(197, 589)
(350, 589)
(388, 589)
(406, 589)
(448, 589)
(474, 589)
(518, 589)
(229, 590)
(408, 590)
(206, 591)
(398, 591)
(454, 591)
(130, 592)
(180, 592)
(360, 592)
(465, 592)
(480, 592)
(526, 592)
(501, 593)
(508, 593)
(31, 594)
(320, 594)
(582, 594)
(63, 595)
(369, 595)
(474, 595)
(517, 595)
(6, 596)
(75, 596)
(542, 596)
(86, 597)
(276, 597)
(310, 597)
(440, 597)
(554, 597)
(236, 598)
(373, 598)
(407, 598)
(545, 598)
(129, 599)
(155, 599)
(229, 599)
(410, 599)
(471, 599)
(489, 599)
(73, 600)
(159, 600)
(222, 600)
(544, 600)
(24, 601)
(79, 601)
(171, 601)
(293, 601)
(314, 601)
(366, 601)
(408, 601)
(418, 601)
(557, 601)
(135, 602)
(351, 602)
(412, 602)
(420, 602)
(452, 602)
(0, 603)
(6, 603)
(19, 603)
(126, 603)
(248, 603)
(470, 603)
(153, 604)
(349, 604)
(533, 604)
(544, 604)
(123, 605)
(133, 605)
(201, 605)
(361, 605)
(439, 605)
(196, 606)
(346, 606)
(531, 606)
(557, 606)
(175, 607)
(325, 607)
(348, 607)
(468, 607)
(115, 608)
(229, 608)
(305, 608)
(401, 608)
(530, 608)
(56, 609)
(212, 609)
(265, 609)
(401, 609)
(164, 610)
(177, 610)
(241, 610)
(371, 610)
(469, 610)
(500, 610)
(372, 611)
(493, 611)
(499, 611)
(56, 612)
(93, 612)
(137, 612)
(273, 612)
(411, 612)
(558, 612)
(77, 613)
(150, 613)
(166, 613)
(332, 613)
(411, 613)
(539, 613)
(587, 613)
(595, 613)
(123, 614)
(205, 614)
(597, 614)
(94, 615)
(153, 615)
(216, 615)
(263, 615)
(384, 615)
(497, 615)
(275, 616)
(372, 616)
(543, 616)
(59, 617)
(79, 617)
(298, 617)
(600, 617)
(376, 618)
(529, 618)
(550, 618)
(240, 619)
(269, 619)
(7, 620)
(127, 620)
(368, 620)
(110, 621)
(322, 621)
(583, 621)
(135, 622)
(232, 622)
(333, 622)
(387, 622)
(452, 622)
(580, 622)
(2, 623)
(86, 623)
(240, 623)
(286, 623)
(361, 623)
(461, 623)
(555, 623)
(613, 623)
(38, 624)
(201, 624)
(476, 624)
(130, 625)
(612, 625)
(40, 626)
(129, 626)
(229, 626)
(293, 626)
(463, 626)
(152, 627)
(234, 627)
(274, 627)
(524, 627)
(615, 627)
(8, 628)
(115, 628)
(173, 628)
(195, 628)
(304, 628)
(342, 628)
(413, 628)
(497, 628)
(95, 629)
(307, 629)
(371, 629)
(467, 629)
(480, 629)
(487, 629)
(34, 630)
(104, 630)
(287, 630)
(405, 630)
(427, 630)
(520, 630)
(23, 631)
(92, 631)
(350, 631)
(378, 631)
(430, 631)
(458, 631)
(25, 632)
(52, 632)
(139, 632)
(192, 632)
(428, 632)
(511, 632)
(568, 632)
(56, 633)
(142, 633)
(197, 633)
(320, 633)
(350, 633)
(614, 633)
(153, 634)
(230, 634)
(58, 635)
(244, 635)
(282, 635)
(345, 635)
(420, 635)
(581, 635)
(127, 636)
(237, 636)
(442, 636)
(7, 637)
(251, 637)
(284, 637)
(317, 637)
(385, 637)
(500, 637)
(517, 637)
(14, 638)
(17, 638)
(18, 638)
(37, 638)
(142, 638)
(278, 638)
(413, 638)
(445, 638)
(388, 639)
(522, 639)
(567, 639)
(31, 640)
(132, 640)
(209, 640)
(452, 640)
(611, 640)
(32, 641)
(56, 641)
(132, 641)
(200, 641)
(277, 641)
(585, 641)
(53, 642)
(181, 642)
(270, 642)
(275, 642)
(354, 642)
(30, 643)
(300, 643)
(368, 643)
(547, 643)
(157, 644)
(194, 644)
(464, 644)
(3, 645)
(240, 645)
(500, 645)
(641, 645)
(124, 646)
(175, 646)
(478, 646)
(502, 646)
(61, 647)
(207, 647)
(246, 647)
(402, 647)
(25, 648)
(238, 648)
(266, 648)
(377, 648)
(488, 648)
(508, 648)
(13, 649)
(114, 649)
(200, 649)
(292, 649)
(415, 649)
(526, 649)
(530, 649)
(620, 649)
(107, 650)
(129, 650)
(150, 650)
(285, 650)
(339, 650)
(352, 650)
(448, 650)
(459, 650)
(558, 650)
(458, 651)
(24, 652)
(59, 652)
(160, 652)
(266, 652)
(344, 652)
(490, 652)
(157, 653)
(297, 653)
(421, 653)
(544, 653)
(105, 654)
(248, 654)
(471, 654)
(528, 654)
(614, 654)
(53, 655)
(428, 655)
(640, 655)
(649, 655)
(37, 656)
(129, 656)
(355, 656)
(519, 656)
(70, 657)
(173, 657)
(286, 657)
(300, 657)
(491, 657)
(651, 657)
(134, 658)
(185, 658)
(274, 658)
(464, 658)
(590, 658)
(597, 658)
(616, 658)
(640, 658)
(646, 658)
(7, 659)
(69, 659)
(84, 659)
(107, 659)
(367, 659)
(566, 659)
(129, 660)
(289, 660)
(458, 660)
(510, 660)
(522, 660)
(613, 660)
(619, 660)
(5, 661)
(26, 661)
(49, 661)
(51, 661)
(195, 661)
(216, 661)
(242, 661)
(390, 661)
(161, 662)
(230, 662)
(327, 662)
(338, 662)
(489, 662)
(594, 662)
(90, 663)
(338, 663)
(101, 664)
(421, 664)
(585, 664)
(206, 665)
(469, 665)
(473, 665)
(545, 665)
(595, 665)
(81, 666)
(166, 666)
(204, 666)
(284, 666)
(384, 666)
(623, 666)
(635, 666)
(210, 667)
(307, 667)
(368, 667)
(419, 667)
(486, 667)
(245, 668)
(379, 668)
(419, 668)
(472, 668)
(602, 668)
(604, 668)
(172, 669)
(234, 669)
(342, 669)
(346, 669)
(375, 669)
(479, 669)
(83, 670)
(103, 670)
(237, 670)
(481, 670)
(498, 670)
(603, 670)
(40, 671)
(95, 671)
(132, 671)
(159, 671)
(304, 671)
(326, 671)
(667, 671)
(162, 672)
(265, 672)
(7, 673)
(81, 673)
(129, 673)
(142, 673)
(210, 673)
(304, 673)
(357, 673)
(382, 673)
(403, 673)
(480, 673)
(626, 673)
(0, 674)
(211, 674)
(358, 674)
(431, 674)
(284, 675)
(435, 675)
(589, 675)
(603, 675)
(65, 676)
(140, 676)
(143, 676)
(341, 676)
(413, 676)
(545, 676)
(574, 676)
(591, 676)
(11, 677)
(150, 677)
(188, 677)
(462, 677)
(498, 677)
(72, 678)
(84, 678)
(104, 678)
(106, 678)
(188, 678)
(632, 678)
(638, 678)
(270, 679)
(363, 679)
(620, 679)
(636, 679)
(30, 680)
(45, 680)
(100, 680)
(109, 680)
(117, 680)
(240, 680)
(328, 680)
(341, 680)
(485, 680)
(159, 681)
(400, 681)
(494, 681)
(531, 681)
(554, 681)
(561, 681)
(3, 682)
(31, 682)
(78, 682)
(164, 682)
(257, 682)
(373, 682)
(503, 682)
(546, 682)
(17, 683)
(303, 683)
(444, 683)
(505, 683)
(656, 683)
(145, 684)
(290, 684)
(578, 684)
(576, 685)
(625, 685)
(683, 685)
(111, 686)
(256, 686)
(457, 686)
(520, 686)
(525, 686)
(558, 686)
(638, 686)
(663, 686)
(664, 686)
(254, 687)
(416, 687)
(596, 687)
(624, 687)
(637, 687)
(666, 687)
(22, 688)
(150, 688)
(181, 688)
(343, 688)
(97, 689)
(269, 689)
(295, 689)
(354, 689)
(359, 689)
(599, 689)
(610, 689)
(644, 689)
(200, 690)
(289, 690)
(330, 690)
(437, 690)
(635, 690)
(56, 691)
(261, 691)
(378, 691)
(595, 691)
(623, 691)
(664, 691)
(123, 692)
(189, 692)
(486, 692)
(565, 692)
(611, 692)
(633, 692)
(683, 692)
(77, 693)
(152, 693)
(185, 693)
(220, 693)
(237, 693)
(407, 693)
(57, 694)
(331, 694)
(339, 694)
(358, 694)
(380, 694)
(406, 694)
(454, 694)
(584, 694)
(51, 695)
(171, 695)
(231, 695)
(416, 695)
(538, 695)
(544, 695)
(684, 695)
(201, 696)
(203, 696)
(220, 696)
(248, 696)
(304, 696)
(394, 696)
(648, 696)
(653, 696)
(4, 697)
(400, 697)
(405, 697)
(237, 698)
(384, 698)
(357, 699)
(423, 699)
(544, 699)
(672, 699)
(61, 700)
(65, 700)
(218, 700)
(229, 700)
(560, 700)
(80, 701)
(98, 701)
(358, 701)
(389, 701)
(432, 701)
(523, 701)
(526, 701)
(656, 701)
(685, 701)
(196, 702)
(306, 702)
(358, 702)
(382, 702)
(464, 702)
(512, 702)
(665, 702)
(141, 703)
(363, 703)
(376, 703)
(513, 703)
(516, 703)
(70, 704)
(289, 704)
(296, 704)
(338, 704)
(376, 704)
(412, 704)
(512, 704)
(63, 705)
(148, 705)
(158, 705)
(361, 705)
(427, 705)
(568, 705)
(28, 706)
(72, 706)
(158, 706)
(387, 706)
(494, 706)
(608, 706)
(35, 707)
(98, 707)
(155, 707)
(195, 707)
(435, 707)
(450, 707)
(504, 707)
(556, 707)
(24, 708)
(218, 708)
(479, 708)
(480, 708)
(655, 708)
(130, 709)
(283, 709)
(444, 709)
(560, 709)
(591, 709)
(17, 710)
(111, 710)
(221, 710)
(258, 710)
(270, 710)
(338, 710)
(364, 710)
(406, 710)
(446, 710)
(461, 710)
(464, 710)
(84, 711)
(104, 711)
(185, 711)
(199, 711)
(404, 711)
(495, 711)
(619, 711)
(638, 711)
(700, 711)
(8, 712)
(24, 712)
(46, 712)
(114, 712)
(178, 712)
(235, 712)
(248, 712)
(348, 712)
(617, 712)
(652, 712)
(16, 713)
(159, 713)
(241, 713)
(457, 713)
(463, 713)
(473, 713)
(711, 713)
(154, 714)
(257, 714)
(286, 714)
(419, 714)
(648, 714)
(34, 715)
(256, 715)
(321, 715)
(431, 715)
(476, 715)
(488, 715)
(585, 715)
(8, 716)
(11, 716)
(191, 716)
(228, 716)
(269, 716)
(314, 716)
(317, 716)
(516, 716)
(627, 716)
(337, 717)
(341, 717)
(364, 717)
(640, 717)
(172, 718)
(291, 718)
(354, 718)
(391, 718)
(428, 718)
(580, 718)
(592, 718)
(600, 718)
(97, 719)
(134, 719)
(484, 719)
(562, 719)
(383, 720)
(209, 721)
(334, 721)
(378, 721)
(436, 721)
(531, 721)
(536, 721)
(711, 721)
(23, 722)
(158, 722)
(248, 722)
(288, 722)
(452, 722)
(369, 723)
(537, 723)
(88, 724)
(101, 724)
(431, 724)
(492, 724)
(600, 724)
(689, 724)
(720, 724)
(9, 725)
(135, 725)
(241, 725)
(424, 725)
(471, 725)
(536, 725)
(675, 725)
(73, 726)
(105, 726)
(202, 726)
(321, 726)
(423, 726)
(451, 726)
(497, 726)
(13, 727)
(129, 727)
(310, 727)
(443, 727)
(520, 727)
(527, 727)
(644, 727)
(162, 728)
(179, 728)
(285, 728)
(454, 728)
(523, 728)
(103, 729)
(383, 729)
(435, 729)
(481, 729)
(57, 730)
(90, 730)
(223, 730)
(227, 730)
(339, 730)
(399, 730)
(511, 730)
(699, 730)
(41, 731)
(207, 731)
(617, 731)
(691, 731)
(31, 732)
(166, 732)
(39, 733)
(167, 733)
(393, 733)
(451, 733)
(688, 733)
(700, 733)
(710, 733)
(20, 734)
(185, 734)
(426, 734)
(496, 734)
(676, 734)
(129, 735)
(153, 735)
(291, 735)
(375, 735)
(602, 735)
(629, 735)
(301, 736)
(481, 736)
(508, 736)
(509, 736)
(535, 736)
(122, 737)
(252, 737)
(305, 737)
(339, 737)
(345, 737)
(373, 737)
(432, 737)
(703, 737)
(705, 737)
(59, 738)
(88, 738)
(115, 738)
(127, 738)
(260, 738)
(325, 738)
(726, 738)
(48, 739)
(130, 739)
(183, 739)
(503, 739)
(595, 739)
(309, 740)
(310, 740)
(645, 740)
(653, 740)
(262, 741)
(337, 741)
(384, 741)
(385, 741)
(489, 741)
(547, 741)
(71, 742)
(650, 742)
(173, 743)
(286, 743)
(517, 743)
(622, 743)
(93, 744)
(94, 744)
(97, 744)
(177, 744)
(210, 744)
(235, 744)
(578, 744)
(2, 745)
(138, 745)
(179, 745)
(247, 745)
(545, 745)
(607, 745)
(627, 745)
(59, 746)
(68, 746)
(215, 746)
(232, 746)
(383, 746)
(448, 746)
(66, 747)
(161, 747)
(165, 747)
(351, 747)
(2, 748)
(5, 748)
(35, 748)
(107, 748)
(110, 748)
(150, 748)
(152, 748)
(159, 748)
(356, 748)
(505, 748)
(717, 748)
(253, 749)
(299, 749)
(444, 749)
(613, 749)
(614, 749)
(699, 749)
(7, 750)
(20, 750)
(53, 750)
(68, 750)
(96, 750)
(207, 750)
(273, 750)
(447, 750)
(454, 750)
(500, 750)
(485, 751)
(540, 751)
(652, 751)
(722, 751)
(26, 752)
(157, 752)
(319, 752)
(624, 752)
(657, 752)
(715, 752)
(8, 753)
(395, 753)
(433, 753)
(525, 754)
(687, 754)
(688, 754)
(69, 755)
(76, 755)
(108, 755)
(184, 755)
(417, 755)
(578, 755)
(731, 755)
(744, 755)
(60, 756)
(221, 756)
(435, 756)
(520, 756)
(703, 756)
(88, 757)
(241, 757)
(660, 757)
(31, 758)
(35, 758)
(103, 758)
(109, 758)
(593, 758)
(624, 758)
(112, 759)
(137, 759)
(148, 759)
(423, 759)
(446, 759)
(514, 759)
(585, 759)
(663, 759)
(678, 759)
(707, 759)
(720, 759)
(268, 760)
(314, 760)
(363, 760)
(378, 760)
(387, 760)
(487, 760)
(1, 761)
(128, 761)
(630, 761)
(756, 761)
(190, 762)
(200, 762)
(443, 762)
(461, 762)
(209, 763)
(212, 763)
(599, 763)
(170, 764)
(277, 764)
(507, 764)
(511, 764)
(514, 764)
(605, 764)
(698, 764)
(269, 765)
(469, 765)
(594, 765)
(618, 765)
(633, 765)
(747, 765)
(763, 765)
(160, 766)
(283, 766)
(389, 766)
(475, 766)
(594, 766)
(600, 766)
(299, 767)
(423, 767)
(515, 767)
(562, 767)
(626, 767)
(684, 767)
(93, 768)
(201, 768)
(449, 768)
(450, 768)
(574, 768)
(657, 768)
(736, 768)
(747, 768)
(138, 769)
(306, 769)
(332, 769)
(507, 769)
(580, 769)
(643, 769)
(733, 769)
(742, 769)
(163, 770)
(262, 770)
(485, 770)
(654, 770)
(125, 771)
(260, 771)
(301, 771)
(406, 771)
(467, 771)
(640, 771)
(207, 772)
(235, 772)
(268, 772)
(336, 772)
(388, 772)
(560, 772)
(629, 772)
(722, 772)
(104, 773)
(131, 773)
(232, 773)
(319, 773)
(363, 773)
(378, 773)
(666, 773)
(22, 774)
(515, 774)
(677, 774)
(711, 774)
(24, 775)
(99, 775)
(316, 775)
(505, 775)
(531, 775)
(169, 776)
(238, 776)
(509, 776)
(548, 776)
(589, 776)
(140, 777)
(493, 777)
(744, 777)
(152, 778)
(315, 778)
(318, 778)
(367, 778)
(416, 778)
(477, 778)
(529, 778)
(720, 778)
(731, 778)
(230, 779)
(319, 779)
(527, 779)
(537, 779)
(713, 779)
(108, 780)
(136, 780)
(308, 780)
(313, 780)
(327, 780)
(535, 780)
(40, 781)
(265, 781)
(269, 781)
(335, 781)
(367, 781)
(507, 781)
(650, 781)
(749, 781)
(261, 782)
(460, 782)
(500, 782)
(71, 783)
(142, 783)
(177, 783)
(182, 783)
(268, 783)
(328, 783)
(374, 783)
(466, 783)
(553, 783)
(740, 783)
(763, 783)
(67, 784)
(73, 784)
(202, 784)
(601, 784)
(38, 785)
(273, 785)
(283, 785)
(297, 785)
(421, 785)
(564, 785)
(152, 786)
(196, 786)
(497, 786)
(648, 786)
(762, 786)
(51, 787)
(82, 787)
(85, 787)
(122, 787)
(155, 787)
(208, 787)
(218, 787)
(219, 787)
(460, 787)
(639, 787)
(54, 788)
(234, 788)
(304, 788)
(667, 788)
(180, 789)
(463, 789)
(700, 789)
(93, 790)
(181, 790)
(606, 790)
(733, 790)
(154, 791)
(422, 791)
(523, 791)
(653, 791)
(120, 792)
(204, 792)
(209, 792)
(248, 792)
(11, 793)
(54, 793)
(677, 793)
(195, 794)
(246, 794)
(435, 794)
(496, 794)
(101, 795)
(108, 795)
(171, 795)
(240, 795)
(366, 795)
(400, 795)
(403, 795)
(490, 795)
(519, 795)
(525, 795)
(601, 795)
(83, 796)
(421, 796)
(452, 796)
(640, 796)
(709, 796)
(31, 797)
(139, 797)
(141, 797)
(278, 797)
(456, 797)
(652, 797)
(726, 797)
(761, 797)
(285, 798)
(386, 798)
(474, 798)
(537, 798)
(215, 799)
(447, 799)
(642, 799)
(680, 799)
(60, 800)
(174, 800)
(323, 800)
(574, 800)
(732, 800)
(780, 800)
(53, 801)
(231, 801)
(307, 801)
(394, 801)
(780, 801)
(9, 802)
(354, 802)
(673, 802)
(716, 802)
(122, 803)
(123, 803)
(198, 803)
(442, 803)
(693, 803)
(797, 803)
(274, 804)
(313, 804)
(566, 804)
(578, 804)
(590, 804)
(731, 804)
(18, 805)
(35, 805)
(60, 805)
(129, 805)
(250, 805)
(333, 805)
(447, 805)
(550, 805)
(616, 805)
(657, 805)
(761, 805)
(393, 806)
(482, 806)
(669, 806)
(804, 806)
(101, 807)
(128, 807)
(661, 807)
(705, 807)
(737, 807)
(26, 808)
(72, 808)
(314, 808)
(336, 808)
(406, 808)
(418, 808)
(534, 808)
(598, 808)
(194, 809)
(203, 809)
(212, 809)
(234, 809)
(361, 809)
(395, 809)
(396, 809)
(422, 809)
(436, 809)
(461, 809)
(594, 809)
(694, 809)
(723, 809)
(740, 810)
(15, 811)
(333, 811)
(403, 811)
(539, 811)
(702, 811)
(712, 811)
(742, 811)
(762, 811)
(9, 812)
(122, 812)
(190, 812)
(632, 812)
(6, 813)
(20, 813)
(164, 813)
(283, 813)
(502, 813)
(580, 813)
(631, 813)
(41, 814)
(107, 814)
(318, 814)
(414, 814)
(454, 814)
(526, 814)
(544, 814)
(788, 814)
(193, 815)
(249, 815)
(514, 815)
(673, 815)
(35, 816)
(654, 816)
(711, 816)
(790, 816)
(85, 817)
(302, 817)
(564, 817)
(1, 818)
(3, 818)
(51, 818)
(96, 818)
(300, 818)
(306, 818)
(379, 818)
(540, 818)
(724, 818)
(35, 819)
(203, 819)
(220, 819)
(318, 819)
(329, 819)
(518, 819)
(603, 819)
(207, 820)
(234, 820)
(363, 820)
(437, 820)
(444, 820)
(546, 820)
(646, 820)
(9, 821)
(127, 821)
(191, 821)
(250, 821)
(291, 821)
(332, 821)
(367, 821)
(452, 821)
(592, 821)
(780, 821)
(815, 821)
(114, 822)
(125, 822)
(650, 822)
(726, 822)
(13, 823)
(274, 823)
(541, 823)
(61, 824)
(109, 824)
(673, 824)
(778, 824)
(176, 825)
(204, 825)
(428, 825)
(495, 825)
(613, 825)
(623, 825)
(695, 825)
(131, 826)
(365, 826)
(369, 826)
(489, 826)
(558, 826)
(815, 826)
(820, 826)
(172, 827)
(461, 827)
(698, 827)
(157, 828)
(185, 828)
(257, 828)
(275, 828)
(541, 828)
(582, 828)
(640, 828)
(748, 828)
(18, 829)
(135, 829)
(183, 829)
(348, 829)
(414, 829)
(538, 829)
(704, 829)
(708, 829)
(804, 829)
(826, 829)
(24, 830)
(49, 830)
(153, 830)
(447, 830)
(523, 830)
(658, 830)
(677, 830)
(690, 830)
(728, 830)
(755, 830)
(16, 831)
(147, 831)
(206, 831)
(252, 831)
(355, 831)
(483, 831)
(742, 831)
(128, 832)
(155, 832)
(340, 832)
(388, 832)
(446, 832)
(548, 832)
(600, 832)
(819, 832)
(25, 833)
(93, 833)
(174, 833)
(225, 833)
(342, 833)
(386, 833)
(458, 833)
(546, 833)
(637, 833)
(704, 833)
(805, 833)
(23, 834)
(63, 834)
(363, 834)
(374, 834)
(628, 834)
(761, 834)
(157, 835)
(385, 835)
(435, 835)
(437, 835)
(491, 835)
(585, 835)
(618, 835)
(693, 835)
(699, 835)
(810, 835)
(293, 836)
(620, 836)
(21, 837)
(161, 837)
(184, 837)
(413, 837)
(550, 837)
(576, 837)
(652, 837)
(715, 837)
(775, 837)
(15, 838)
(214, 838)
(264, 838)
(565, 838)
(752, 838)
(3, 839)
(78, 839)
(86, 839)
(117, 839)
(127, 839)
(134, 839)
(184, 839)
(469, 839)
(496, 839)
(783, 839)
(128, 840)
(547, 840)
(559, 840)
(695, 840)
(80, 841)
(180, 841)
(194, 841)
(403, 841)
(440, 841)
(483, 841)
(519, 841)
(584, 841)
(592, 841)
(628, 841)
(633, 841)
(684, 841)
(799, 841)
(10, 842)
(36, 842)
(252, 842)
(341, 842)
(726, 842)
(61, 843)
(242, 843)
(250, 843)
(350, 843)
(377, 843)
(477, 843)
(839, 843)
(35, 844)
(92, 844)
(369, 844)
(689, 844)
(270, 845)
(422, 845)
(475, 845)
(685, 845)
(203, 846)
(214, 846)
(223, 846)
(795, 846)
(103, 847)
(138, 847)
(376, 847)
(469, 847)
(515, 847)
(34, 848)
(48, 848)
(111, 848)
(156, 848)
(248, 848)
(386, 848)
(429, 848)
(489, 848)
(724, 848)
(16, 849)
(39, 849)
(60, 849)
(730, 849)
(747, 849)
(798, 849)
(815, 849)
(834, 849)
(130, 850)
(138, 850)
(234, 850)
(396, 850)
(539, 850)
(564, 850)
(569, 850)
(695, 850)
(79, 851)
(366, 851)
(555, 851)
(572, 851)
(786, 851)
(29, 852)
(60, 852)
(63, 852)
(103, 852)
(388, 852)
(662, 852)
(787, 852)
(818, 852)
(19, 853)
(53, 853)
(128, 853)
(203, 853)
(406, 853)
(446, 853)
(589, 853)
(16, 854)
(52, 854)
(287, 854)
(433, 854)
(521, 854)
(662, 854)
(718, 854)
(745, 854)
(798, 854)
(72, 855)
(187, 855)
(403, 855)
(537, 855)
(566, 855)
(650, 855)
(808, 855)
(119, 856)
(373, 856)
(386, 856)
(534, 856)
(622, 856)
(744, 856)
(797, 856)
(832, 856)
(13, 857)
(201, 857)
(386, 857)
(546, 857)
(577, 857)
(632, 857)
(817, 857)
(11, 858)
(237, 858)
(264, 858)
(425, 858)
(658, 858)
(685, 858)
(36, 859)
(147, 859)
(170, 859)
(373, 859)
(803, 859)
(829, 859)
(203, 860)
(279, 860)
(442, 860)
(492, 860)
(709, 860)
(94, 861)
(238, 861)
(254, 861)
(291, 861)
(393, 861)
(397, 861)
(14, 862)
(265, 862)
(473, 862)
(699, 862)
(759, 862)
(830, 862)
(140, 863)
(259, 863)
(403, 863)
(436, 863)
(728, 863)
(34, 864)
(63, 864)
(353, 864)
(431, 864)
(664, 864)
(678, 864)
(734, 864)
(542, 865)
(570, 865)
(610, 865)
(657, 865)
(778, 865)
(790, 865)
(813, 865)
(828, 865)
(335, 866)
(429, 866)
(701, 866)
(763, 866)
(162, 867)
(185, 867)
(224, 867)
(733, 867)
(143, 868)
(150, 868)
(207, 868)
(304, 868)
(337, 868)
(465, 868)
(507, 868)
(525, 868)
(762, 868)
(17, 869)
(143, 869)
(273, 869)
(338, 869)
(414, 869)
(456, 869)
(457, 869)
(629, 869)
(54, 870)
(141, 870)
(226, 870)
(327, 870)
(440, 870)
(471, 870)
(763, 870)
(830, 870)
(150, 871)
(166, 871)
(202, 871)
(242, 871)
(557, 871)
(565, 871)
(710, 871)
(742, 871)
(806, 871)
(843, 871)
(177, 872)
(223, 872)
(431, 872)
(448, 872)
(624, 872)
(648, 872)
(673, 872)
(807, 872)
(813, 872)
(843, 872)
(854, 872)
(76, 873)
(436, 873)
(446, 873)
(450, 873)
(566, 873)
(573, 873)
(8, 874)
(134, 874)
(173, 874)
(268, 874)
(443, 874)
(463, 874)
(527, 874)
(548, 874)
(803, 874)
(24, 875)
(108, 875)
(170, 875)
(209, 875)
(839, 875)
(867, 875)
(146, 876)
(192, 876)
(305, 876)
(315, 876)
(414, 876)
(444, 876)
(545, 876)
(613, 876)
(707, 876)
(718, 876)
(778, 876)
(836, 876)
(300, 877)
(498, 877)
(147, 878)
(319, 878)
(702, 878)
(709, 878)
(725, 878)
(731, 878)
(49, 879)
(78, 879)
(212, 879)
(382, 879)
(388, 879)
(545, 879)
(551, 879)
(627, 879)
(630, 879)
(640, 879)
(662, 879)
(15, 880)
(44, 880)
(223, 880)
(290, 880)
(538, 880)
(66, 881)
(73, 881)
(95, 881)
(489, 881)
(501, 881)
(782, 881)
(220, 882)
(251, 882)
(342, 882)
(460, 882)
(648, 882)
(658, 882)
(71, 883)
(79, 883)
(212, 883)
(280, 883)
(356, 883)
(450, 883)
(469, 883)
(131, 884)
(150, 884)
(183, 884)
(446, 884)
(672, 884)
(706, 884)
(856, 884)
(303, 885)
(392, 885)
(573, 885)
(644, 885)
(689, 885)
(726, 885)
(740, 885)
(880, 885)
(118, 886)
(194, 886)
(266, 886)
(421, 886)
(433, 886)
(512, 886)
(664, 886)
(729, 886)
(786, 886)
(815, 886)
(208, 887)
(446, 887)
(830, 887)
(111, 888)
(133, 888)
(270, 888)
(306, 888)
(397, 888)
(713, 888)
(809, 888)
(90, 889)
(361, 889)
(580, 889)
(754, 889)
(226, 890)
(254, 890)
(266, 890)
(301, 890)
(305, 890)
(642, 890)
(686, 890)
(734, 890)
(770, 890)
(844, 890)
(89, 891)
(99, 891)
(143, 891)
(491, 891)
(581, 891)
(101, 892)
(369, 892)
(429, 892)
(561, 892)
(787, 892)
(5, 893)
(283, 893)
(758, 893)
(787, 893)
(838, 893)
(879, 893)
(143, 894)
(167, 894)
(191, 894)
(400, 894)
(483, 894)
(679, 894)
(183, 895)
(242, 895)
(824, 895)
(200, 896)
(218, 896)
(235, 896)
(347, 896)
(528, 896)
(690, 896)
(722, 896)
(778, 896)
(824, 896)
(848, 896)
(112, 897)
(225, 897)
(236, 897)
(376, 897)
(406, 897)
(683, 897)
(152, 898)
(199, 898)
(382, 898)
(590, 898)
(703, 898)
(718, 898)
(762, 898)
(827, 898)
(37, 899)
(39, 899)
(49, 899)
(88, 899)
(256, 899)
(314, 899)
(503, 899)
(512, 899)
(526, 899)
(810, 899)
(72, 900)
(170, 900)
(188, 900)
(214, 900)
(270, 900)
(362, 900)
(367, 900)
(478, 900)
(490, 900)
(521, 900)
(573, 900)
(653, 900)
(655, 900)
(891, 900)
(441, 901)
(488, 901)
(539, 901)
(542, 901)
(646, 901)
(824, 901)
(829, 901)
(187, 902)
(513, 902)
(620, 902)
(647, 902)
(277, 903)
(490, 903)
(504, 903)
(573, 903)
(608, 903)
(838, 903)
(881, 903)
(28, 904)
(74, 904)
(211, 904)
(292, 904)
(423, 904)
(621, 904)
(828, 904)
(19, 905)
(94, 905)
(114, 905)
(117, 905)
(195, 905)
(259, 905)
(285, 905)
(317, 905)
(361, 905)
(54, 906)
(166, 906)
(320, 906)
(323, 906)
(478, 906)
(544, 906)
(551, 906)
(595, 906)
(630, 906)
(47, 907)
(54, 907)
(147, 907)
(170, 907)
(225, 907)
(343, 907)
(432, 907)
(492, 907)
(508, 907)
(581, 907)
(680, 907)
(814, 907)
(121, 908)
(323, 908)
(420, 908)
(449, 908)
(862, 908)
(146, 909)
(230, 909)
(293, 909)
(321, 909)
(611, 909)
(687, 909)
(730, 909)
(865, 909)
(254, 910)
(457, 910)
(637, 910)
(867, 910)
(160, 911)
(185, 911)
(218, 911)
(501, 911)
(728, 911)
(124, 912)
(216, 912)
(374, 912)
(409, 912)
(435, 912)
(608, 912)
(701, 912)
(1, 913)
(257, 913)
(362, 913)
(541, 913)
(670, 913)
(29, 914)
(155, 914)
(263, 914)
(301, 914)
(568, 914)
(569, 914)
(598, 914)
(16, 915)
(74, 915)
(210, 915)
(223, 915)
(225, 915)
(338, 915)
(522, 915)
(631, 915)
(766, 915)
(889, 915)
(905, 915)
(788, 916)
(814, 916)
(824, 916)
(56, 917)
(454, 917)
(463, 917)
(484, 917)
(576, 917)
(600, 917)
(726, 917)
(873, 917)
(885, 917)
(25, 918)
(47, 918)
(269, 918)
(387, 918)
(515, 918)
(544, 918)
(735, 918)
(780, 918)
(807, 918)
(810, 918)
(818, 918)
(356, 919)
(379, 919)
(442, 919)
(465, 919)
(543, 919)
(593, 919)
(622, 919)
(213, 920)
(235, 920)
(274, 920)
(310, 920)
(347, 920)
(411, 920)
(455, 920)
(588, 920)
(624, 920)
(251, 921)
(288, 921)
(375, 921)
(432, 921)
(618, 921)
(633, 921)
(740, 921)
(785, 921)
(901, 921)
(42, 922)
(300, 922)
(324, 922)
(750, 922)
(801, 922)
(821, 922)
(915, 922)
(287, 923)
(307, 923)
(318, 923)
(403, 923)
(486, 923)
(487, 923)
(739, 923)
(814, 923)
(36, 924)
(294, 924)
(480, 924)
(614, 924)
(837, 924)
(844, 924)
(888, 924)
(150, 925)
(372, 925)
(499, 925)
(736, 925)
(765, 925)
(893, 925)
(127, 926)
(172, 926)
(214, 926)
(575, 926)
(698, 926)
(739, 926)
(903, 926)
(105, 927)
(247, 927)
(170, 928)
(354, 928)
(395, 928)
(401, 928)
(487, 928)
(754, 928)
(12, 929)
(200, 929)
(316, 929)
(518, 929)
(552, 929)
(700, 929)
(8, 930)
(135, 930)
(596, 930)
(665, 930)
(762, 930)
(780, 930)
(812, 930)
(79, 931)
(223, 931)
(279, 931)
(346, 931)
(452, 931)
(470, 931)
(692, 931)
(725, 931)
(765, 931)
(796, 931)
(807, 931)
(819, 931)
(849, 931)
(882, 931)
(906, 931)
(57, 932)
(198, 932)
(475, 932)
(588, 932)
(671, 932)
(77, 933)
(232, 933)
(423, 933)
(496, 933)
(504, 933)
(570, 933)
(589, 933)
(683, 933)
(800, 933)
(47, 934)
(175, 934)
(212, 934)
(356, 934)
(401, 934)
(427, 934)
(553, 934)
(572, 934)
(769, 934)
(783, 934)
(622, 935)
(803, 935)
(198, 936)
(345, 936)
(387, 936)
(464, 936)
(502, 936)
(543, 936)
(714, 936)
(857, 936)
(891, 936)
(61, 937)
(103, 937)
(192, 937)
(195, 937)
(288, 937)
(825, 937)
(382, 938)
(408, 938)
(554, 938)
(712, 938)
(808, 938)
(810, 938)
(918, 938)
(11, 939)
(56, 939)
(382, 939)
(387, 939)
(460, 939)
(478, 939)
(513, 939)
(526, 939)
(75, 940)
(189, 940)
(217, 940)
(232, 940)
(342, 940)
(553, 940)
(577, 940)
(651, 940)
(767, 940)
(929, 940)
(47, 941)
(130, 941)
(149, 941)
(212, 941)
(371, 941)
(446, 941)
(468, 941)
(678, 941)
(693, 941)
(748, 941)
(24, 942)
(50, 942)
(684, 942)
(792, 942)
(909, 942)
(29, 943)
(82, 943)
(172, 943)
(383, 943)
(422, 943)
(790, 943)
(837, 943)
(60, 944)
(116, 944)
(518, 944)
(523, 944)
(644, 944)
(653, 944)
(731, 944)
(766, 944)
(902, 944)
(907, 944)
(9, 945)
(257, 945)
(447, 945)
(463, 945)
(504, 945)
(622, 945)
(640, 945)
(664, 945)
(913, 945)
(18, 946)
(178, 946)
(218, 946)
(260, 946)
(417, 946)
(616, 946)
(622, 946)
(748, 946)
(6, 947)
(73, 947)
(103, 947)
(108, 947)
(315, 947)
(382, 947)
(457, 947)
(616, 947)
(664, 947)
(905, 947)
(68, 948)
(247, 948)
(382, 948)
(557, 948)
(572, 948)
(909, 948)
(206, 949)
(228, 949)
(448, 949)
(810, 949)
(889, 949)
(215, 950)
(658, 950)
(716, 950)
(789, 950)
(939, 950)
(945, 950)
(69, 951)
(201, 951)
(235, 951)
(241, 951)
(303, 951)
(327, 951)
(542, 951)
(643, 951)
(856, 951)
(860, 951)
(885, 951)
(159, 952)
(209, 952)
(286, 952)
(519, 952)
(633, 952)
(682, 952)
(21, 953)
(79, 953)
(201, 953)
(420, 953)
(428, 953)
(735, 953)
(762, 953)
(110, 954)
(256, 954)
(297, 954)
(766, 954)
(783, 954)
(816, 954)
(412, 955)
(520, 955)
(526, 955)
(532, 955)
(533, 955)
(595, 955)
(838, 955)
(1, 956)
(311, 956)
(409, 956)
(645, 956)
(761, 956)
(72, 957)
(106, 957)
(408, 957)
(492, 957)
(533, 957)
(560, 957)
(617, 957)
(670, 957)
(699, 957)
(842, 957)
(866, 957)
(124, 958)
(447, 958)
(509, 958)
(735, 958)
(105, 959)
(160, 959)
(169, 959)
(280, 959)
(333, 959)
(361, 959)
(367, 959)
(448, 959)
(57, 960)
(170, 960)
(214, 960)
(798, 960)
(863, 960)
(949, 960)
(71, 961)
(139, 961)
(322, 961)
(398, 961)
(747, 961)
(903, 961)
(122, 962)
(178, 962)
(191, 962)
(221, 962)
(235, 962)
(295, 962)
(436, 962)
(488, 962)
(550, 962)
(804, 962)
(836, 962)
(78, 963)
(216, 963)
(247, 963)
(327, 963)
(547, 963)
(625, 963)
(640, 963)
(649, 963)
(850, 963)
(17, 964)
(248, 964)
(249, 964)
(458, 964)
(489, 964)
(589, 964)
(9, 965)
(88, 965)
(216, 965)
(319, 965)
(402, 965)
(415, 965)
(874, 965)
(895, 965)
(256, 966)
(280, 966)
(339, 966)
(471, 966)
(482, 966)
(592, 966)
(650, 966)
(876, 966)
(54, 967)
(74, 967)
(455, 967)
(563, 967)
(579, 967)
(745, 967)
(804, 967)
(846, 967)
(934, 967)
(962, 967)
(16, 968)
(145, 968)
(221, 968)
(250, 968)
(372, 968)
(396, 968)
(513, 968)
(682, 968)
(45, 969)
(94, 969)
(292, 969)
(378, 969)
(538, 969)
(605, 969)
(844, 969)
(146, 970)
(195, 970)
(222, 970)
(420, 970)
(428, 970)
(434, 970)
(620, 970)
(743, 970)
(757, 970)
(834, 970)
(923, 970)
(61, 971)
(234, 971)
(464, 971)
(641, 971)
(827, 971)
(963, 971)
(86, 972)
(229, 972)
(320, 972)
(335, 972)
(358, 972)
(479, 972)
(507, 972)
(728, 972)
(789, 972)
(819, 972)
(96, 973)
(131, 973)
(132, 973)
(283, 973)
(624, 973)
(627, 973)
(681, 973)
(847, 973)
(908, 973)
(921, 973)
(16, 974)
(351, 974)
(486, 974)
(574, 974)
(793, 974)
(910, 974)
(1, 975)
(137, 975)
(141, 975)
(162, 975)
(279, 975)
(380, 975)
(416, 975)
(440, 975)
(829, 975)
(18, 976)
(294, 976)
(668, 976)
(738, 976)
(763, 976)
(765, 976)
(769, 976)
(827, 976)
(856, 976)
(158, 977)
(273, 977)
(334, 977)
(354, 977)
(404, 977)
(439, 977)
(552, 977)
(783, 977)
(149, 978)
(194, 978)
(580, 978)
(599, 978)
(794, 978)
(907, 978)
(933, 978)
(85, 979)
(99, 979)
(123, 979)
(260, 979)
(307, 979)
(310, 979)
(411, 979)
(26, 980)
(399, 980)
(859, 980)
(71, 981)
(187, 981)
(375, 981)
(559, 981)
(600, 981)
(614, 981)
(634, 981)
(896, 981)
(17, 982)
(78, 982)
(253, 982)
(347, 982)
(579, 982)
(719, 982)
(749, 982)
(851, 982)
(968, 982)
(79, 983)
(378, 983)
(521, 983)
(803, 983)
(931, 983)
(484, 984)
(546, 984)
(690, 984)
(780, 984)
(970, 984)
(979, 984)
(113, 985)
(127, 985)
(143, 985)
(250, 985)
(258, 985)
(266, 985)
(665, 985)
(701, 985)
(816, 985)
(824, 985)
(855, 985)
(958, 985)
(49, 986)
(68, 986)
(148, 986)
(262, 986)
(306, 986)
(393, 986)
(560, 986)
(713, 986)
(738, 986)
(951, 986)
(347, 987)
(439, 987)
(464, 987)
(611, 987)
(630, 987)
(759, 987)
(900, 987)
(909, 987)
(932, 987)
(124, 988)
(524, 988)
(941, 988)
(962, 988)
(966, 988)
(81, 989)
(82, 989)
(398, 989)
(599, 989)
(747, 989)
(178, 990)
(390, 990)
(648, 990)
(672, 990)
(797, 990)
(975, 990)
(154, 991)
(265, 991)
(597, 991)
(828, 991)
(151, 992)
(229, 992)
(240, 992)
(292, 992)
(381, 992)
(507, 992)
(536, 992)
(814, 992)
(278, 993)
(673, 993)
(834, 993)
(973, 993)
(989, 993)
(5, 994)
(27, 994)
(152, 994)
(683, 994)
(715, 994)
(746, 994)
(862, 994)
(893, 994)
(902, 994)
(972, 994)
(3, 995)
(216, 995)
(402, 995)
(675, 995)
(708, 995)
(787, 995)
(124, 996)
(317, 996)
(428, 996)
(460, 996)
(558, 996)
(681, 996)
(182, 997)
(442, 997)
(517, 997)
(548, 997)
(720, 997)
(950, 997)
(70, 998)
(338, 998)
(389, 998)
(439, 998)
(542, 998)
(710, 998)
(723, 998)
(867, 998)
(947, 998)
(0, 999)
(525, 999)
(646, 999)
(661, 999)
(705, 999)
(861, 999)
(889, 999)
(933, 999)
(953, 999)
