(0, 1)
(1, 2)
(2, 3)
(3, 4)
(4, 5)
(5, 6)
(6, 7)
(7, 8)
(8, 9)
(9, 10)
(10, 11)
(11, 12)
(12, 13)
(13, 14)
(14, 15)
(15, 16)
(16, 17)
(17, 18)
(18, 19)
(19, 20)
(20, 21)
(21, 22)
(22, 23)
(23, 24)
(24, 25)
(25, 26)
(26, 27)
(27, 28)
(28, 29)
(29, 30)
(30, 31)
(31, 32)
(32, 33)
(33, 34)
(34, 35)
(35, 36)
(36, 37)
(37, 38)
(38, 39)
(39, 40)
(40, 41)
(41, 42)
(42, 43)
(43, 44)
(44, 45)
(45, 46)
(46, 47)
(47, 48)
(48, 49)
(49, 50)
(50, 51)
(51, 52)
(52, 53)
(53, 54)
(54, 55)
(55, 56)
(56, 57)
(57, 58)
(58, 59)
(59, 60)
(60, 61)
(61, 62)
(62, 63)
(63, 64)
(64, 65)
(65, 66)
(66, 67)
(67, 68)
(68, 69)
(69, 70)
(70, 71)
(71, 72)
(72, 73)
(73, 74)
(74, 75)
(75, 76)
(76, 77)
(77, 78)
(78, 79)
(79, 80)
(80, 81)
(81, 82)
(82, 83)
(83, 84)
(84, 85)
(85, 86)
(86, 87)
(87, 88)
(88, 89)
(89, 90)
(90, 91)
(91, 92)
(92, 93)
(93, 94)
(94, 95)
(95, 96)
(96, 97)
(97, 98)
(98, 99)
(99, 100)
(100, 101)
(101, 102)
(102, 103)
(103, 104)
(104, 105)
(105, 106)
(106, 107)
(107, 108)
(108, 109)
(109, 110)
(110, 111)
(111, 112)
(112, 113)
(113, 114)
(114, 115)
(115, 116)
(116, 117)
(117, 118)
(118, 119)
(119, 120)
(120, 121)
(121, 122)
(122, 123)
(123, 124)
(124, 125)
(125, 126)
(126, 127)
(127, 128)
(128, 129)
(129, 130)
(130, 131)
(131, 132)
(132, 133)
(133, 134)
(134, 135)
(135, 136)
(136, 137)
(137, 138)
(138, 139)
(139, 140)
(140, 141)
(141, 142)
(142, 143)
(143, 144)
(144, 145)
(145, 146)
(146, 147)
(147, 148)
(148, 149)
(149, 150)
(150, 151)
(151, 152)
(152, 153)
(153, 154)
(154, 155)
(155, 156)
(156, 157)
(157, 158)
(158, 159)
(159, 160)
(160, 161)
(161, 162)
(162, 163)
(163, 164)
(164, 165)
(165, 166)
(166, 167)
(167, 168)
(168, 169)
(169, 170)
(170, 171)
(171, 172)
(172, 173)
(173, 174)
(174, 175)
(175, 176)
(176, 177)
(177, 178)
(178, 179)
(179, 180)
(180, 181)
(181, 182)
(182, 183)
(183, 184)
(184, 185)
(185, 186)
(186, 187)
(187, 188)
(188, 189)
(189, 190)
(190, 191)
(191, 192)
(192, 193)
(193, 194)
(194, 195)
(195, 196)
(196, 197)
(197, 198)
(198, 199)
(199, 200)
(200, 201)
(201, 202)
(202, 203)
(203, 204)
(204, 205)
(205, 206)
(206, 207)
(207, 208)
(208, 209)
(209, 210)
(210, 211)
(211, 212)
(212, 213)
(213, 214)
(214, 215)
(215, 216)
(216, 217)
(217, 218)
(218, 219)
(219, 220)
(220, 221)
(221, 222)
(222, 223)
(223, 224)
(224, 225)
(225, 226)
(226, 227)
(227, 228)
(228, 229)
(229, 230)
(230, 231)
(231, 232)
(232, 233)
(233, 234)
(234, 235)
(235, 236)
(236, 237)
(237, 238)
(238, 239)
(239, 240)
(240, 241)
(241, 242)
(242, 243)
(243, 244)
(244, 245)
(245, 246)
(246, 247)
(247, 248)
(248, 249)
(249, 250)
(250, 251)
(251, 252)
(252, 253)
(253, 254)
(254, 255)
(255, 256)
(256, 257)
(257, 258)
(258, 259)
(259, 260)
(260, 261)
(261, 262)
(262, 263)
(263, 264)
(264, 265)
(265, 266)
(266, 267)
(267, 268)
(268, 269)
(269, 270)
(270, 271)
(271, 272)
(272, 273)
(273, 274)
(274, 275)
(275, 276)
(276, 277)
(277, 278)
(278, 279)
(279, 280)
(280, 281)
(281, 282)
(282, 283)
(283, 284)
(284, 285)
(285, 286)
(286, 287)
(287, 288)
(288, 289)
(289, 290)
(290, 291)
(291, 292)
(292, 293)
(293, 294)
(294, 295)
(295, 296)
(296, 297)
(297, 298)
(298, 299)
(299, 300)
(300, 301)
(301, 302)
(302, 303)
(303, 304)
(304, 305)
(305, 306)
(306, 307)
(307, 308)
(308, 309)
(309, 310)
(310, 311)
(311, 312)
(312, 313)
(313, 314)
(314, 315)
(315, 316)
(316, 317)
(317, 318)
(318, 319)
(319, 320)
(320, 321)
(321, 322)
(322, 323)
(323, 324)
(324, 325)
(325, 326)
(326, 327)
(327, 328)
(328, 329)
(329, 330)
(330, 331)
(331, 332)
(332, 333)
(333, 334)
(334, 335)
(335, 336)
(336, 337)
(337, 338)
(338, 339)
(339, 340)
(340, 341)
(341, 342)
(342, 343)
(343, 344)
(344, 345)
(345, 346)
(346, 347)
(347, 348)
(348, 349)
(349, 350)
(350, 351)
(351, 352)
(352, 353)
(353, 354)
(354, 355)
(355, 356)
(356, 357)
(357, 358)
(358, 359)
(359, 360)
(360, 361)
(361, 362)
(362, 363)
(363, 364)
(364, 365)
(365, 366)
(366, 367)
(367, 368)
(368, 369)
(369, 370)
(370, 371)
(371, 372)
(372, 373)
(373, 374)
(374, 375)
(375, 376)
(376, 377)
(377, 378)
(378, 379)
(379, 380)
(380, 381)
(381, 382)
(382, 383)
(383, 384)
(384, 385)
(385, 386)
(386, 387)
(387, 388)
(388, 389)
(389, 390)
(390, 391)
(391, 392)
(392, 393)
(393, 394)
(394, 395)
(395, 396)
(396, 397)
(397, 398)
(398, 399)
(399, 400)
(400, 401)
(401, 402)
(402, 403)
(403, 404)
(404, 405)
(405, 406)
(406, 407)
(407, 408)
(408, 409)
(409, 410)
(410, 411)
(411, 412)
(412, 413)
(413, 414)
(414, 415)
(415, 416)
(416, 417)
(417, 418)
(418, 419)
(419, 420)
(420, 421)
(421, 422)
(422, 423)
(423, 424)
(424, 425)
(425, 426)
(426, 427)
(427, 428)
(428, 429)
(429, 430)
(430, 431)
(431, 432)
(432, 433)
(433, 434)
(434, 435)
(435, 436)
(436, 437)
(437, 438)
(438, 439)
(439, 440)
(440, 441)
(441, 442)
(442, 443)
(443, 444)
(444, 445)
(445, 446)
(446, 447)
(447, 448)
(448, 449)
(449, 450)
(450, 451)
(451, 452)
(452, 453)
(453, 454)
(454, 455)
(455, 456)
(456, 457)
(457, 458)
(458, 459)
(459, 460)
(460, 461)
(461, 462)
(462, 463)
(463, 464)
(464, 465)
(465, 466)
(466, 467)
(467, 468)
(468, 469)
(469, 470)
(470, 471)
(471, 472)
(472, 473)
(473, 474)
(474, 475)
(475, 476)
(476, 477)
(477, 478)
(478, 479)
(479, 480)
(480, 481)
(481, 482)
(482, 483)
(483, 484)
(484, 485)
(485, 486)
(486, 487)
(487, 488)
(488, 489)
(489, 490)
(490, 491)
(491, 492)
(492, 493)
(493, 494)
(494, 495)
(495, 496)
(496, 497)
(497, 498)
(498, 499)
(499, 500)
(500, 501)
(501, 502)
(502, 503)
(503, 504)
(504, 505)
(505, 506)
(506, 507)
(507, 508)
(508, 509)
(509, 510)
(510, 511)
(511, 512)
(512, 513)
(513, 514)
(514, 515)
(515, 516)
(516, 517)
(517, 518)
(518, 519)
(519, 520)
(520, 521)
(521, 522)
(522, 523)
(523, 524)
(524, 525)
(525, 526)
(526, 527)
(527, 528)
(528, 529)
(529, 530)
(530, 531)
(531, 532)
(532, 533)
(533, 534)
(534, 535)
(535, 536)
(536, 537)
(537, 538)
(538, 539)
(539, 540)
(540, 541)
(541, 542)
(542, 543)
(543, 544)
(544, 545)
(545, 546)
(546, 547)
(547, 548)
(548, 549)
(549, 550)
(550, 551)
(551, 552)
(552, 553)
(553, 554)
(554, 555)
(555, 556)
(556, 557)
(557, 558)
(558, 559)
(559, 560)
(560, 561)
(561, 562)
(562, 563)
(563, 564)
(564, 565)
(565, 566)
(566, 567)
(567, 568)
(568, 569)
(569, 570)
(570, 571)
(571, 572)
(572, 573)
(573, 574)
(574, 575)
(575, 576)
(576, 577)
(577, 578)
(578, 579)
(579, 580)
(580, 581)
(581, 582)
(582, 583)
(583, 584)
(584, 585)
(585, 586)
(586, 587)
(587, 588)
(588, 589)
(589, 590)
(590, 591)
(591, 592)
(592, 593)
(593, 594)
(594, 595)
(595, 596)
(596, 597)
(597, 598)
(598, 599)
(599, 600)
(600, 601)
(601, 602)
(602, 603)
(603, 604)
(604, 605)
(605, 606)
(606, 607)
(607, 608)
(608, 609)
(609, 610)
(610, 611)
(611, 612)
(612, 613)
(613, 614)
(614, 615)
(615, 616)
(616, 617)
(617, 618)
(618, 619)
(619, 620)
(620, 621)
(621, 622)
(622, 623)
(623, 624)
(624, 625)
(625, 626)
(626, 627)
(627, 628)
(628, 629)
(629, 630)
(630, 631)
(631, 632)
(632, 633)
(633, 634)
(634, 635)
(635, 636)
(636, 637)
(637, 638)
(638, 639)
(639, 640)
(640, 641)
(641, 642)
(642, 643)
(643, 644)
(644, 645)
(645, 646)
(646, 647)
(647, 648)
(648, 649)
(649, 650)
(650, 651)
(651, 652)
(652, 653)
(653, 654)
(654, 655)
(655, 656)
(656, 657)
(657, 658)
(658, 659)
(659, 660)
(660, 661)
(661, 662)
(662, 663)
(663, 664)
(664, 665)
(665, 666)
(666, 667)
(667, 668)
(668, 669)
(669, 670)
(670, 671)
(671, 672)
(672, 673)
(673, 674)
(674, 675)
(675, 676)
(676, 677)
(677, 678)
(678, 679)
(679, 680)
(680, 681)
(681, 682)
(682, 683)
(683, 684)
(684, 685)
(685, 686)
(686, 687)
(687, 688)
(688, 689)
(689, 690)
(690, 691)
(691, 692)
(692, 693)
(693, 694)
(694, 695)
(695, 696)
(696, 697)
(697, 698)
(698, 699)
(699, 700)
(700, 701)
(701, 702)
(702, 703)
(703, 704)
(704, 705)
(705, 706)
(706, 707)
(707, 708)
(708, 709)
(709, 710)
(710, 711)
(711, 712)
(712, 713)
(713, 714)
(714, 715)
(715, 716)
(716, 717)
(717, 718)
(718, 719)
(719, 720)
(720, 721)
(721, 722)
(722, 723)
(723, 724)
(724, 725)
(725, 726)
(726, 727)
(727, 728)
(728, 729)
(729, 730)
(730, 731)
(731, 732)
(732, 733)
(733, 734)
(734, 735)
(735, 736)
(736, 737)
(737, 738)
(738, 739)
(739, 740)
(740, 741)
(741, 742)
(742, 743)
(743, 744)
(744, 745)
(745, 746)
(746, 747)
(747, 748)
(748, 749)
(749, 750)
(750, 751)
(751, 752)
(752, 753)
(753, 754)
(754, 755)
(755, 756)
(756, 757)
(757, 758)
(758, 759)
(759, 760)
(760, 761)
(761, 762)
(762, 763)
(763, 764)
(764, 765)
(765, 766)
(766, 767)
(767, 768)
(768, 769)
(769, 770)
(770, 771)
(771, 772)
(772, 773)
(773, 774)
(774, 775)
(775, 776)
(776, 777)
(777, 778)
(778, 779)
(779, 780)
(780, 781)
(781, 782)
(782, 783)
(783, 784)
(784, 785)
(785, 786)
(786, 787)
(787, 788)
(788, 789)
(789, 790)
(790, 791)
(791, 792)
(792, 793)
(793, 794)
(794, 795)
(795, 796)
(796, 797)
(797, 798)
(798, 799)
(799, 800)
(800, 801)
(801, 802)
(802, 803)
(803, 804)
(804, 805)
(805, 806)
(806, 807)
(807, 808)
(808, 809)
(809, 810)
(810, 811)
(811, 812)
(812, 813)
(813, 814)
(814, 815)
(815, 816)
(816, 817)
(817, 818)
(818, 819)
(819, 820)
(820, 821)
(821, 822)
(822, 823)
(823, 824)
(824, 825)
(825, 826)
(826, 827)
(827, 828)
(828, 829)
(829, 830)
(830, 831)
(831, 832)
(832, 833)
(833, 834)
(834, 835)
(835, 836)
(836, 837)
(837, 838)
(838, 839)
(839, 840)
(840, 841)
(841, 842)
(842, 843)
(843, 844)
(844, 845)
(845, 846)
(846, 847)
(847, 848)
(848, 849)
(849, 850)
(850, 851)
(851, 852)
(852, 853)
(853, 854)
(854, 855)
(855, 856)
(856, 857)
(857, 858)
(858, 859)
(859, 860)
(860, 861)
(861, 862)
(862, 863)
(863, 864)
(864, 865)
(865, 866)
(866, 867)
(867, 868)
(868, 869)
(869, 870)
(870, 871)
(871, 872)
(872, 873)
(873, 874)
(874, 875)
(875, 876)
(876, 877)
(877, 878)
(878, 879)
(879, 880)
(880, 881)
(881, 882)
(882, 883)
(883, 884)
(884, 885)
(885, 886)
(886, 887)
(887, 888)
(888, 889)
(889, 890)
(890, 891)
(891, 892)
(892, 893)
(893, 894)
(894, 895)
(895, 896)
(896, 897)
(897, 898)
(898, 899)
(899, 900)
(900, 901)
(901, 902)
(902, 903)
(903, 904)
(904, 905)
(905, 906)
(906, 907)
(907, 908)
(908, 909)
(909, 910)
(910, 911)
(911, 912)
(912, 913)
(913, 914)
(914, 915)
(915, 916)
(916, 917)
(917, 918)
(918, 919)
(919, 920)
(920, 921)
(921, 922)
(922, 923)
(923, 924)
(924, 925)
(925, 926)
(926, 927)
(927, 928)
(928, 929)
(929, 930)
(930, 931)
(931, 932)
(932, 933)
(933, 934)
(934, 935)
(935, 936)
(936, 937)
(937, 938)
(938, 939)
(939, 940)
(940, 941)
(941, 942)
(942, 943)
(943, 944)
(944, 945)
(945, 946)
(946, 947)
(947, 948)
(948, 949)
(949, 950)
(950, 951)
(951, 952)
(952, 953)
(953, 954)
(954, 955)
(955, 956)
(956, 957)
(957, 958)
(958, 959)
(959, 960)
(960, 961)
(961, 962)
(962, 963)
(963, 964)
(964, 965)
(965, 966)
(966, 967)
(967, 968)
(968, 969)
(969, 970)
(970, 971)
(971, 972)
(972, 973)
(973, 974)
(974, 975)
(975, 976)
(976, 977)
(977, 978)
(978, 979)
(979, 980)
(980, 981)
(981, 982)
(982, 983)
(983, 984)
(984, 985)
(985, 986)
(986, 987)
(987, 988)
(988, 989)
(989, 990)
(990, 991)
(991, 992)
(992, 993)
(993, 994)
(994, 995)
(995, 996)
(996, 997)
(997, 998)
(998, 999)
(0, 999)
(0, 2)
(0, 998)
(0, 3)
(0, 997)
(0, 4)
(0, 996)
(1, 999)
(1, 3)
(1, 998)
(1, 4)
(1, 997)
(1, 5)
(2, 4)
(2, 999)
(2, 5)
(2, 998)
(2, 6)
(3, 5)
(3, 6)
(3, 999)
(3, 7)
(4, 6)
(4, 7)
(4, 8)
(5, 7)
(5, 8)
(5, 9)
(6, 8)
(6, 9)
(6, 10)
(7, 9)
(7, 10)
(7, 11)
(8, 10)
(8, 11)
(8, 12)
(9, 11)
(9, 12)
(9, 13)
(10, 12)
(10, 13)
(10, 14)
(11, 13)
(11, 14)
(11, 15)
(12, 14)
(12, 15)
(12, 16)
(13, 15)
(13, 16)
(13, 17)
(14, 16)
(14, 17)
(14, 18)
(15, 17)
(15, 18)
(15, 19)
(16, 18)
(16, 19)
(16, 20)
(17, 19)
(17, 20)
(17, 21)
(18, 20)
(18, 21)
(18, 22)
(19, 21)
(19, 22)
(19, 23)
(20, 22)
(20, 23)
(20, 24)
(21, 23)
(21, 24)
(21, 25)
(22, 24)
(22, 25)
(22, 26)
(23, 25)
(23, 26)
(23, 27)
(24, 26)
(24, 27)
(24, 28)
(25, 27)
(25, 28)
(25, 29)
(26, 28)
(26, 29)
(26, 30)
(27, 29)
(27, 30)
(27, 31)
(28, 30)
(28, 31)
(28, 32)
(29, 31)
(29, 32)
(29, 33)
(30, 32)
(30, 33)
(30, 34)
(31, 33)
(31, 34)
(31, 35)
(32, 34)
(32, 35)
(32, 36)
(33, 35)
(33, 36)
(33, 37)
(34, 36)
(34, 37)
(34, 38)
(35, 37)
(35, 38)
(35, 39)
(36, 38)
(36, 39)
(36, 40)
(37, 39)
(37, 40)
(37, 41)
(38, 40)
(38, 41)
(38, 42)
(39, 41)
(39, 42)
(39, 43)
(40, 42)
(40, 43)
(40, 44)
(41, 43)
(41, 44)
(41, 45)
(42, 44)
(42, 45)
(42, 46)
(43, 45)
(43, 46)
(43, 47)
(44, 46)
(44, 47)
(44, 48)
(45, 47)
(45, 48)
(45, 49)
(46, 48)
(46, 49)
(46, 50)
(47, 49)
(47, 50)
(47, 51)
(48, 50)
(48, 51)
(48, 52)
(49, 51)
(49, 52)
(49, 53)
(50, 52)
(50, 53)
(50, 54)
(51, 53)
(51, 54)
(51, 55)
(52, 54)
(52, 55)
(52, 56)
(53, 55)
(53, 56)
(53, 57)
(54, 56)
(54, 57)
(54, 58)
(55, 57)
(55, 58)
(55, 59)
(56, 58)
(56, 59)
(56, 60)
(57, 59)
(57, 60)
(57, 61)
(58, 60)
(58, 61)
(58, 62)
(59, 61)
(59, 62)
(59, 63)
(60, 62)
(60, 63)
(60, 64)
(61, 63)
(61, 64)
(61, 65)
(62, 64)
(62, 65)
(62, 66)
(63, 65)
(63, 66)
(63, 67)
(64, 66)
(64, 67)
(64, 68)
(65, 67)
(65, 68)
(65, 69)
(66, 68)
(66, 69)
(66, 70)
(67, 69)
(67, 70)
(67, 71)
(68, 70)
(68, 71)
(68, 72)
(69, 71)
(69, 72)
(69, 73)
(70, 72)
(70, 73)
(70, 74)
(71, 73)
(71, 74)
(71, 75)
(72, 74)
(72, 75)
(72, 76)
(73, 75)
(73, 76)
(73, 77)
(74, 76)
(74, 77)
(74, 78)
(75, 77)
(75, 78)
(75, 79)
(76, 78)
(76, 79)
(76, 80)
(77, 79)
(77, 80)
(77, 81)
(78, 80)
(78, 81)
(78, 82)
(79, 81)
(79, 82)
(79, 83)
(80, 82)
(80, 83)
(80, 84)
(81, 83)
(81, 84)
(81, 85)
(82, 84)
(82, 85)
(82, 86)
(83, 85)
(83, 86)
(83, 87)
(84, 86)
(84, 87)
(84, 88)
(85, 87)
(85, 88)
(85, 89)
(86, 88)
(86, 89)
(86, 90)
(87, 89)
(87, 90)
(87, 91)
(88, 90)
(88, 91)
(88, 92)
(89, 91)
(89, 92)
(89, 93)
(90, 92)
(90, 93)
(90, 94)
(91, 93)
(91, 94)
(91, 95)
(92, 94)
(92, 95)
(92, 96)
(93, 95)
(93, 96)
(93, 97)
(94, 96)
(94, 97)
(94, 98)
(95, 97)
(95, 98)
(95, 99)
(96, 98)
(96, 99)
(96, 100)
(97, 99)
(97, 100)
(97, 101)
(98, 100)
(98, 101)
(98, 102)
(99, 101)
(99, 102)
(99, 103)
(100, 102)
(100, 103)
(100, 104)
(101, 103)
(101, 104)
(101, 105)
(102, 104)
(102, 105)
(102, 106)
(103, 105)
(103, 106)
(103, 107)
(104, 106)
(104, 107)
(104, 108)
(105, 107)
(105, 108)
(105, 109)
(106, 108)
(106, 109)
(106, 110)
(107, 109)
(107, 110)
(107, 111)
(108, 110)
(108, 111)
(108, 112)
(109, 111)
(109, 112)
(109, 113)
(110, 112)
(110, 113)
(110, 114)
(111, 113)
(111, 114)
(111, 115)
(112, 114)
(112, 115)
(112, 116)
(113, 115)
(113, 116)
(113, 117)
(114, 116)
(114, 117)
(114, 118)
(115, 117)
(115, 118)
(115, 119)
(116, 118)
(116, 119)
(116, 120)
(117, 119)
(117, 120)
(117, 121)
(118, 120)
(118, 121)
(118, 122)
(119, 121)
(119, 122)
(119, 123)
(120, 122)
(120, 123)
(120, 124)
(121, 123)
(121, 124)
(121, 125)
(122, 124)
(122, 125)
(122, 126)
(123, 125)
(123, 126)
(123, 127)
(124, 126)
(124, 127)
(124, 128)
(125, 127)
(125, 128)
(125, 129)
(126, 128)
(126, 129)
(126, 130)
(127, 129)
(127, 130)
(127, 131)
(128, 130)
(128, 131)
(128, 132)
(129, 131)
(129, 132)
(129, 133)
(130, 132)
(130, 133)
(130, 134)
(131, 133)
(131, 134)
(131, 135)
(132, 134)
(132, 135)
(132, 136)
(133, 135)
(133, 136)
(133, 137)
(134, 136)
(134, 137)
(134, 138)
(135, 137)
(135, 138)
(135, 139)
(136, 138)
(136, 139)
(136, 140)
(137, 139)
(137, 140)
(137, 141)
(138, 140)
(138, 141)
(138, 142)
(139, 141)
(139, 142)
(139, 143)
(140, 142)
(140, 143)
(140, 144)
(141, 143)
(141, 144)
(141, 145)
(142, 144)
(142, 145)
(142, 146)
(143, 145)
(143, 146)
(143, 147)
(144, 146)
(144, 147)
(144, 148)
(145, 147)
(145, 148)
(145, 149)
(146, 148)
(146, 149)
(146, 150)
(147, 149)
(147, 150)
(147, 151)
(148, 150)
(148, 151)
(148, 152)
(149, 151)
(149, 152)
(149, 153)
(150, 152)
(150, 153)
(150, 154)
(151, 153)
(151, 154)
(151, 155)
(152, 154)
(152, 155)
(152, 156)
(153, 155)
(153, 156)
(153, 157)
(154, 156)
(154, 157)
(154, 158)
(155, 157)
(155, 158)
(155, 159)
(156, 158)
(156, 159)
(156, 160)
(157, 159)
(157, 160)
(157, 161)
(158, 160)
(158, 161)
(158, 162)
(159, 161)
(159, 162)
(159, 163)
(160, 162)
(160, 163)
(160, 164)
(161, 163)
(161, 164)
(161, 165)
(162, 164)
(162, 165)
(162, 166)
(163, 165)
(163, 166)
(163, 167)
(164, 166)
(164, 167)
(164, 168)
(165, 167)
(165, 168)
(165, 169)
(166, 168)
(166, 169)
(166, 170)
(167, 169)
(167, 170)
(167, 171)
(168, 170)
(168, 171)
(168, 172)
(169, 171)
(169, 172)
(169, 173)
(170, 172)
(170, 173)
(170, 174)
(171, 173)
(171, 174)
(171, 175)
(172, 174)
(172, 175)
(172, 176)
(173, 175)
(173, 176)
(173, 177)
(174, 176)
(174, 177)
(174, 178)
(175, 177)
(175, 178)
(175, 179)
(176, 178)
(176, 179)
(176, 180)
(177, 179)
(177, 180)
(177, 181)
(178, 180)
(178, 181)
(178, 182)
(179, 181)
(179, 182)
(179, 183)
(180, 182)
(180, 183)
(180, 184)
(181, 183)
(181, 184)
(181, 185)
(182, 184)
(182, 185)
(182, 186)
(183, 185)
(183, 186)
(183, 187)
(184, 186)
(184, 187)
(184, 188)
(185, 187)
(185, 188)
(185, 189)
(186, 188)
(186, 189)
(186, 190)
(187, 189)
(187, 190)
(187, 191)
(188, 190)
(188, 191)
(188, 192)
(189, 191)
(189, 192)
(189, 193)
(190, 192)
(190, 193)
(190, 194)
(191, 193)
(191, 194)
(191, 195)
(192, 194)
(192, 195)
(192, 196)
(193, 195)
(193, 196)
(193, 197)
(194, 196)
(194, 197)
(194, 198)
(195, 197)
(195, 198)
(195, 199)
(196, 198)
(196, 199)
(196, 200)
(197, 199)
(197, 200)
(197, 201)
(198, 200)
(198, 201)
(198, 202)
(199, 201)
(199, 202)
(199, 203)
(200, 202)
(200, 203)
(200, 204)
(201, 203)
(201, 204)
(201, 205)
(202, 204)
(202, 205)
(202, 206)
(203, 205)
(203, 206)
(203, 207)
(204, 206)
(204, 207)
(204, 208)
(205, 207)
(205, 208)
(205, 209)
(206, 208)
(206, 209)
(206, 210)
(207, 209)
(207, 210)
(207, 211)
(208, 210)
(208, 211)
(208, 212)
(209, 211)
(209, 212)
(209, 213)
(210, 212)
(210, 213)
(210, 214)
(211, 213)
(211, 214)
(211, 215)
(212, 214)
(212, 215)
(212, 216)
(213, 215)
(213, 216)
(213, 217)
(214, 216)
(214, 217)
(214, 218)
(215, 217)
(215, 218)
(215, 219)
(216, 218)
(216, 219)
(216, 220)
(217, 219)
(217, 220)
(217, 221)
(218, 220)
(218, 221)
(218, 222)
(219, 221)
(219, 222)
(219, 223)
(220, 222)
(220, 223)
(220, 224)
(221, 223)
(221, 224)
(221, 225)
(222, 224)
(222, 225)
(222, 226)
(223, 225)
(223, 226)
(223, 227)
(224, 226)
(224, 227)
(224, 228)
(225, 227)
(225, 228)
(225, 229)
(226, 228)
(226, 229)
(226, 230)
(227, 229)
(227, 230)
(227, 231)
(228, 230)
(228, 231)
(228, 232)
(229, 231)
(229, 232)
(229, 233)
(230, 232)
(230, 233)
(230, 234)
(231, 233)
(231, 234)
(231, 235)
(232, 234)
(232, 235)
(232, 236)
(233, 235)
(233, 236)
(233, 237)
(234, 236)
(234, 237)
(234, 238)
(235, 237)
(235, 238)
(235, 239)
(236, 238)
(236, 239)
(236, 240)
(237, 239)
(237, 240)
(237, 241)
(238, 240)
(238, 241)
(238, 242)
(239, 241)
(239, 242)
(239, 243)
(240, 242)
(240, 243)
(240, 244)
(241, 243)
(241, 244)
(241, 245)
(242, 244)
(242, 245)
(242, 246)
(243, 245)
(243, 246)
(243, 247)
(244, 246)
(244, 247)
(244, 248)
(245, 247)
(245, 248)
(245, 249)
(246, 248)
(246, 249)
(246, 250)
(247, 249)
(247, 250)
(247, 251)
(248, 250)
(248, 251)
(248, 252)
(249, 251)
(249, 252)
(249, 253)
(250, 252)
(250, 253)
(250, 254)
(251, 253)
(251, 254)
(251, 255)
(252, 254)
(252, 255)
(252, 256)
(253, 255)
(253, 256)
(253, 257)
(254, 256)
(254, 257)
(254, 258)
(255, 257)
(255, 258)
(255, 259)
(256, 258)
(256, 259)
(256, 260)
(257, 259)
(257, 260)
(257, 261)
(258, 260)
(258, 261)
(258, 262)
(259, 261)
(259, 262)
(259, 263)
(260, 262)
(260, 263)
(260, 264)
(261, 263)
(261, 264)
(261, 265)
(262, 264)
(262, 265)
(262, 266)
(263, 265)
(263, 266)
(263, 267)
(264, 266)
(264, 267)
(264, 268)
(265, 267)
(265, 268)
(265, 269)
(266, 268)
(266, 269)
(266, 270)
(267, 269)
(267, 270)
(267, 271)
(268, 270)
(268, 271)
(268, 272)
(269, 271)
(269, 272)
(269, 273)
(270, 272)
(270, 273)
(270, 274)
(271, 273)
(271, 274)
(271, 275)
(272, 274)
(272, 275)
(272, 276)
(273, 275)
(273, 276)
(273, 277)
(274, 276)
(274, 277)
(274, 278)
(275, 277)
(275, 278)
(275, 279)
(276, 278)
(276, 279)
(276, 280)
(277, 279)
(277, 280)
(277, 281)
(278, 280)
(278, 281)
(278, 282)
(279, 281)
(279, 282)
(279, 283)
(280, 282)
(280, 283)
(280, 284)
(281, 283)
(281, 284)
(281, 285)
(282, 284)
(282, 285)
(282, 286)
(283, 285)
(283, 286)
(283, 287)
(284, 286)
(284, 287)
(284, 288)
(285, 287)
(285, 288)
(285, 289)
(286, 288)
(286, 289)
(286, 290)
(287, 289)
(287, 290)
(287, 291)
(288, 290)
(288, 291)
(288, 292)
(289, 291)
(289, 292)
(289, 293)
(290, 292)
(290, 293)
(290, 294)
(291, 293)
(291, 294)
(291, 295)
(292, 294)
(292, 295)
(292, 296)
(293, 295)
(293, 296)
(293, 297)
(294, 296)
(294, 297)
(294, 298)
(295, 297)
(295, 298)
(295, 299)
(296, 298)
(296, 299)
(296, 300)
(297, 299)
(297, 300)
(297, 301)
(298, 300)
(298, 301)
(298, 302)
(299, 301)
(299, 302)
(299, 303)
(300, 302)
(300, 303)
(300, 304)
(301, 303)
(301, 304)
(301, 305)
(302, 304)
(302, 305)
(302, 306)
(303, 305)
(303, 306)
(303, 307)
(304, 306)
(304, 307)
(304, 308)
(305, 307)
(305, 308)
(305, 309)
(306, 308)
(306, 309)
(306, 310)
(307, 309)
(307, 310)
(307, 311)
(308, 310)
(308, 311)
(308, 312)
(309, 311)
(309, 312)
(309, 313)
(310, 312)
(310, 313)
(310, 314)
(311, 313)
(311, 314)
(311, 315)
(312, 314)
(312, 315)
(312, 316)
(313, 315)
(313, 316)
(313, 317)
(314, 316)
(314, 317)
(314, 318)
(315, 317)
(315, 318)
(315, 319)
(316, 318)
(316, 319)
(316, 320)
(317, 319)
(317, 320)
(317, 321)
(318, 320)
(318, 321)
(318, 322)
(319, 321)
(319, 322)
(319, 323)
(320, 322)
(320, 323)
(320, 324)
(321, 323)
(321, 324)
(321, 325)
(322, 324)
(322, 325)
(322, 326)
(323, 325)
(323, 326)
(323, 327)
(324, 326)
(324, 327)
(324, 328)
(325, 327)
(325, 328)
(325, 329)
(326, 328)
(326, 329)
(326, 330)
(327, 329)
(327, 330)
(327, 331)
(328, 330)
(328, 331)
(328, 332)
(329, 331)
(329, 332)
(329, 333)
(330, 332)
(330, 333)
(330, 334)
(331, 333)
(331, 334)
(331, 335)
(332, 334)
(332, 335)
(332, 336)
(333, 335)
(333, 336)
(333, 337)
(334, 336)
(334, 337)
(334, 338)
(335, 337)
(335, 338)
(335, 339)
(336, 338)
(336, 339)
(336, 340)
(337, 339)
(337, 340)
(337, 341)
(338, 340)
(338, 341)
(338, 342)
(339, 341)
(339, 342)
(339, 343)
(340, 342)
(340, 343)
(340, 344)
(341, 343)
(341, 344)
(341, 345)
(342, 344)
(342, 345)
(342, 346)
(343, 345)
(343, 346)
(343, 347)
(344, 346)
(344, 347)
(344, 348)
(345, 347)
(345, 348)
(345, 349)
(346, 348)
(346, 349)
(346, 350)
(347, 349)
(347, 350)
(347, 351)
(348, 350)
(348, 351)
(348, 352)
(349, 351)
(349, 352)
(349, 353)
(350, 352)
(350, 353)
(350, 354)
(351, 353)
(351, 354)
(351, 355)
(352, 354)
(352, 355)
(352, 356)
(353, 355)
(353, 356)
(353, 357)
(354, 356)
(354, 357)
(354, 358)
(355, 357)
(355, 358)
(355, 359)
(356, 358)
(356, 359)
(356, 360)
(357, 359)
(357, 360)
(357, 361)
(358, 360)
(358, 361)
(358, 362)
(359, 361)
(359, 362)
(359, 363)
(360, 362)
(360, 363)
(360, 364)
(361, 363)
(361, 364)
(361, 365)
(362, 364)
(362, 365)
(362, 366)
(363, 365)
(363, 366)
(363, 367)
(364, 366)
(364, 367)
(364, 368)
(365, 367)
(365, 368)
(365, 369)
(366, 368)
(366, 369)
(366, 370)
(367, 369)
(367, 370)
(367, 371)
(368, 370)
(368, 371)
(368, 372)
(369, 371)
(369, 372)
(369, 373)
(370, 372)
(370, 373)
(370, 374)
(371, 373)
(371, 374)
(371, 375)
(372, 374)
(372, 375)
(372, 376)
(373, 375)
(373, 376)
(373, 377)
(374, 376)
(374, 377)
(374, 378)
(375, 377)
(375, 378)
(375, 379)
(376, 378)
(376, 379)
(376, 380)
(377, 379)
(377, 380)
(377, 381)
(378, 380)
(378, 381)
(378, 382)
(379, 381)
(379, 382)
(379, 383)
(380, 382)
(380, 383)
(380, 384)
(381, 383)
(381, 384)
(381, 385)
(382, 384)
(382, 385)
(382, 386)
(383, 385)
(383, 386)
(383, 387)
(384, 386)
(384, 387)
(384, 388)
(385, 387)
(385, 388)
(385, 389)
(386, 388)
(386, 389)
(386, 390)
(387, 389)
(387, 390)
(387, 391)
(388, 390)
(388, 391)
(388, 392)
(389, 391)
(389, 392)
(389, 393)
(390, 392)
(390, 393)
(390, 394)
(391, 393)
(391, 394)
(391, 395)
(392, 394)
(392, 395)
(392, 396)
(393, 395)
(393, 396)
(393, 397)
(394, 396)
(394, 397)
(394, 398)
(395, 397)
(395, 398)
(395, 399)
(396, 398)
(396, 399)
(396, 400)
(397, 399)
(397, 400)
(397, 401)
(398, 400)
(398, 401)
(398, 402)
(399, 401)
(399, 402)
(399, 403)
(400, 402)
(400, 403)
(400, 404)
(401, 403)
(401, 404)
(401, 405)
(402, 404)
(402, 405)
(402, 406)
(403, 405)
(403, 406)
(403, 407)
(404, 406)
(404, 407)
(404, 408)
(405, 407)
(405, 408)
(405, 409)
(406, 408)
(406, 409)
(406, 410)
(407, 409)
(407, 410)
(407, 411)
(408, 410)
(408, 411)
(408, 412)
(409, 411)
(409, 412)
(409, 413)
(410, 412)
(410, 413)
(410, 414)
(411, 413)
(411, 414)
(411, 415)
(412, 414)
(412, 415)
(412, 416)
(413, 415)
(413, 416)
(413, 417)
(414, 416)
(414, 417)
(414, 418)
(415, 417)
(415, 418)
(415, 419)
(416, 418)
(416, 419)
(416, 420)
(417, 419)
(417, 420)
(417, 421)
(418, 420)
(418, 421)
(418, 422)
(419, 421)
(419, 422)
(419, 423)
(420, 422)
(420, 423)
(420, 424)
(421, 423)
(421, 424)
(421, 425)
(422, 424)
(422, 425)
(422, 426)
(423, 425)
(423, 426)
(423, 427)
(424, 426)
(424, 427)
(424, 428)
(425, 427)
(425, 428)
(425, 429)
(426, 428)
(426, 429)
(426, 430)
(427, 429)
(427, 430)
(427, 431)
(428, 430)
(428, 431)
(428, 432)
(429, 431)
(429, 432)
(429, 433)
(430, 432)
(430, 433)
(430, 434)
(431, 433)
(431, 434)
(431, 435)
(432, 434)
(432, 435)
(432, 436)
(433, 435)
(433, 436)
(433, 437)
(434, 436)
(434, 437)
(434, 438)
(435, 437)
(435, 438)
(435, 439)
(436, 438)
(436, 439)
(436, 440)
(437, 439)
(437, 440)
(437, 441)
(438, 440)
(438, 441)
(438, 442)
(439, 441)
(439, 442)
(439, 443)
(440, 442)
(440, 443)
(440, 444)
(441, 443)
(441, 444)
(441, 445)
(442, 444)
(442, 445)
(442, 446)
(443, 445)
(443, 446)
(443, 447)
(444, 446)
(444, 447)
(444, 448)
(445, 447)
(445, 448)
(445, 449)
(446, 448)
(446, 449)
(446, 450)
(447, 449)
(447, 450)
(447, 451)
(448, 450)
(448, 451)
(448, 452)
(449, 451)
(449, 452)
(449, 453)
(450, 452)
(450, 453)
(450, 454)
(451, 453)
(451, 454)
(451, 455)
(452, 454)
(452, 455)
(452, 456)
(453, 455)
(453, 456)
(453, 457)
(454, 456)
(454, 457)
(454, 458)
(455, 457)
(455, 458)
(455, 459)
(456, 458)
(456, 459)
(456, 460)
(457, 459)
(457, 460)
(457, 461)
(458, 460)
(458, 461)
(458, 462)
(459, 461)
(459, 462)
(459, 463)
(460, 462)
(460, 463)
(460, 464)
(461, 463)
(461, 464)
(461, 465)
(462, 464)
(462, 465)
(462, 466)
(463, 465)
(463, 466)
(463, 467)
(464, 466)
(464, 467)
(464, 468)
(465, 467)
(465, 468)
(465, 469)
(466, 468)
(466, 469)
(466, 470)
(467, 469)
(467, 470)
(467, 471)
(468, 470)
(468, 471)
(468, 472)
(469, 471)
(469, 472)
(469, 473)
(470, 472)
(470, 473)
(470, 474)
(471, 473)
(471, 474)
(471, 475)
(472, 474)
(472, 475)
(472, 476)
(473, 475)
(473, 476)
(473, 477)
(474, 476)
(474, 477)
(474, 478)
(475, 477)
(475, 478)
(475, 479)
(476, 478)
(476, 479)
(476, 480)
(477, 479)
(477, 480)
(477, 481)
(478, 480)
(478, 481)
(478, 482)
(479, 481)
(479, 482)
(479, 483)
(480, 482)
(480, 483)
(480, 484)
(481, 483)
(481, 484)
(481, 485)
(482, 484)
(482, 485)
(482, 486)
(483, 485)
(483, 486)
(483, 487)
(484, 486)
(484, 487)
(484, 488)
(485, 487)
(485, 488)
(485, 489)
(486, 488)
(486, 489)
(486, 490)
(487, 489)
(487, 490)
(487, 491)
(488, 490)
(488, 491)
(488, 492)
(489, 491)
(489, 492)
(489, 493)
(490, 492)
(490, 493)
(490, 494)
(491, 493)
(491, 494)
(491, 495)
(492, 494)
(492, 495)
(492, 496)
(493, 495)
(493, 496)
(493, 497)
(494, 496)
(494, 497)
(494, 498)
(495, 497)
(495, 498)
(495, 499)
(496, 498)
(496, 499)
(496, 500)
(497, 499)
(497, 500)
(497, 501)
(498, 500)
(498, 501)
(498, 502)
(499, 501)
(499, 502)
(499, 503)
(500, 502)
(500, 503)
(500, 504)
(501, 503)
(501, 504)
(501, 505)
(502, 504)
(502, 505)
(502, 506)
(503, 505)
(503, 506)
(503, 507)
(504, 506)
(504, 507)
(504, 508)
(505, 507)
(505, 508)
(505, 509)
(506, 508)
(506, 509)
(506, 510)
(507, 509)
(507, 510)
(507, 511)
(508, 510)
(508, 511)
(508, 512)
(509, 511)
(509, 512)
(509, 513)
(510, 512)
(510, 513)
(510, 514)
(511, 513)
(511, 514)
(511, 515)
(512, 514)
(512, 515)
(512, 516)
(513, 515)
(513, 516)
(513, 517)
(514, 516)
(514, 517)
(514, 518)
(515, 517)
(515, 518)
(515, 519)
(516, 518)
(516, 519)
(516, 520)
(517, 519)
(517, 520)
(517, 521)
(518, 520)
(518, 521)
(518, 522)
(519, 521)
(519, 522)
(519, 523)
(520, 522)
(520, 523)
(520, 524)
(521, 523)
(521, 524)
(521, 525)
(522, 524)
(522, 525)
(522, 526)
(523, 525)
(523, 526)
(523, 527)
(524, 526)
(524, 527)
(524, 528)
(525, 527)
(525, 528)
(525, 529)
(526, 528)
(526, 529)
(526, 530)
(527, 529)
(527, 530)
(527, 531)
(528, 530)
(528, 531)
(528, 532)
(529, 531)
(529, 532)
(529, 533)
(530, 532)
(530, 533)
(530, 534)
(531, 533)
(531, 534)
(531, 535)
(532, 534)
(532, 535)
(532, 536)
(533, 535)
(533, 536)
(533, 537)
(534, 536)
(534, 537)
(534, 538)
(535, 537)
(535, 538)
(535, 539)
(536, 538)
(536, 539)
(536, 540)
(537, 539)
(537, 540)
(537, 541)
(538, 540)
(538, 541)
(538, 542)
(539, 541)
(539, 542)
(539, 543)
(540, 542)
(540, 543)
(540, 544)
(541, 543)
(541, 544)
(541, 545)
(542, 544)
(542, 545)
(542, 546)
(543, 545)
(543, 546)
(543, 547)
(544, 546)
(544, 547)
(544, 548)
(545, 547)
(545, 548)
(545, 549)
(546, 548)
(546, 549)
(546, 550)
(547, 549)
(547, 550)
(547, 551)
(548, 550)
(548, 551)
(548, 552)
(549, 551)
(549, 552)
(549, 553)
(550, 552)
(550, 553)
(550, 554)
(551, 553)
(551, 554)
(551, 555)
(552, 554)
(552, 555)
(552, 556)
(553, 555)
(553, 556)
(553, 557)
(554, 556)
(554, 557)
(554, 558)
(555, 557)
(555, 558)
(555, 559)
(556, 558)
(556, 559)
(556, 560)
(557, 559)
(557, 560)
(557, 561)
(558, 560)
(558, 561)
(558, 562)
(559, 561)
(559, 562)
(559, 563)
(560, 562)
(560, 563)
(560, 564)
(561, 563)
(561, 564)
(561, 565)
(562, 564)
(562, 565)
(562, 566)
(563, 565)
(563, 566)
(563, 567)
(564, 566)
(564, 567)
(564, 568)
(565, 567)
(565, 568)
(565, 569)
(566, 568)
(566, 569)
(566, 570)
(567, 569)
(567, 570)
(567, 571)
(568, 570)
(568, 571)
(568, 572)
(569, 571)
(569, 572)
(569, 573)
(570, 572)
(570, 573)
(570, 574)
(571, 573)
(571, 574)
(571, 575)
(572, 574)
(572, 575)
(572, 576)
(573, 575)
(573, 576)
(573, 577)
(574, 576)
(574, 577)
(574, 578)
(575, 577)
(575, 578)
(575, 579)
(576, 578)
(576, 579)
(576, 580)
(577, 579)
(577, 580)
(577, 581)
(578, 580)
(578, 581)
(578, 582)
(579, 581)
(579, 582)
(579, 583)
(580, 582)
(580, 583)
(580, 584)
(581, 583)
(581, 584)
(581, 585)
(582, 584)
(582, 585)
(582, 586)
(583, 585)
(583, 586)
(583, 587)
(584, 586)
(584, 587)
(584, 588)
(585, 587)
(585, 588)
(585, 589)
(586, 588)
(586, 589)
(586, 590)
(587, 589)
(587, 590)
(587, 591)
(588, 590)
(588, 591)
(588, 592)
(589, 591)
(589, 592)
(589, 593)
(590, 592)
(590, 593)
(590, 594)
(591, 593)
(591, 594)
(591, 595)
(592, 594)
(592, 595)
(592, 596)
(593, 595)
(593, 596)
(593, 597)
(594, 596)
(594, 597)
(594, 598)
(595, 597)
(595, 598)
(595, 599)
(596, 598)
(596, 599)
(596, 600)
(597, 599)
(597, 600)
(597, 601)
(598, 600)
(598, 601)
(598, 602)
(599, 601)
(599, 602)
(599, 603)
(600, 602)
(600, 603)
(600, 604)
(601, 603)
(601, 604)
(601, 605)
(602, 604)
(602, 605)
(602, 606)
(603, 605)
(603, 606)
(603, 607)
(604, 606)
(604, 607)
(604, 608)
(605, 607)
(605, 608)
(605, 609)
(606, 608)
(606, 609)
(606, 610)
(607, 609)
(607, 610)
(607, 611)
(608, 610)
(608, 611)
(608, 612)
(609, 611)
(609, 612)
(609, 613)
(610, 612)
(610, 613)
(610, 614)
(611, 613)
(611, 614)
(611, 615)
(612, 614)
(612, 615)
(612, 616)
(613, 615)
(613, 616)
(613, 617)
(614, 616)
(614, 617)
(614, 618)
(615, 617)
(615, 618)
(615, 619)
(616, 618)
(616, 619)
(616, 620)
(617, 619)
(617, 620)
(617, 621)
(618, 620)
(618, 621)
(618, 622)
(619, 621)
(619, 622)
(619, 623)
(620, 622)
(620, 623)
(620, 624)
(621, 623)
(621, 624)
(621, 625)
(622, 624)
(622, 625)
(622, 626)
(623, 625)
(623, 626)
(623, 627)
(624, 626)
(624, 627)
(624, 628)
(625, 627)
(625, 628)
(625, 629)
(626, 628)
(626, 629)
(626, 630)
(627, 629)
(627, 630)
(627, 631)
(628, 630)
(628, 631)
(628, 632)
(629, 631)
(629, 632)
(629, 633)
(630, 632)
(630, 633)
(630, 634)
(631, 633)
(631, 634)
(631, 635)
(632, 634)
(632, 635)
(632, 636)
(633, 635)
(633, 636)
(633, 637)
(634, 636)
(634, 637)
(634, 638)
(635, 637)
(635, 638)
(635, 639)
(636, 638)
(636, 639)
(636, 640)
(637, 639)
(637, 640)
(637, 641)
(638, 640)
(638, 641)
(638, 642)
(639, 641)
(639, 642)
(639, 643)
(640, 642)
(640, 643)
(640, 644)
(641, 643)
(641, 644)
(641, 645)
(642, 644)
(642, 645)
(642, 646)
(643, 645)
(643, 646)
(643, 647)
(644, 646)
(644, 647)
(644, 648)
(645, 647)
(645, 648)
(645, 649)
(646, 648)
(646, 649)
(646, 650)
(647, 649)
(647, 650)
(647, 651)
(648, 650)
(648, 651)
(648, 652)
(649, 651)
(649, 652)
(649, 653)
(650, 652)
(650, 653)
(650, 654)
(651, 653)
(651, 654)
(651, 655)
(652, 654)
(652, 655)
(652, 656)
(653, 655)
(653, 656)
(653, 657)
(654, 656)
(654, 657)
(654, 658)
(655, 657)
(655, 658)
(655, 659)
(656, 658)
(656, 659)
(656, 660)
(657, 659)
(657, 660)
(657, 661)
(658, 660)
(658, 661)
(658, 662)
(659, 661)
(659, 662)
(659, 663)
(660, 662)
(660, 663)
(660, 664)
(661, 663)
(661, 664)
(661, 665)
(662, 664)
(662, 665)
(662, 666)
(663, 665)
(663, 666)
(663, 667)
(664, 666)
(664, 667)
(664, 668)
(665, 667)
(665, 668)
(665, 669)
(666, 668)
(666, 669)
(666, 670)
(667, 669)
(667, 670)
(667, 671)
(668, 670)
(668, 671)
(668, 672)
(669, 671)
(669, 672)
(669, 673)
(670, 672)
(670, 673)
(670, 674)
(671, 673)
(671, 674)
(671, 675)
(672, 674)
(672, 675)
(672, 676)
(673, 675)
(673, 676)
(673, 677)
(674, 676)
(674, 677)
(674, 678)
(675, 677)
(675, 678)
(675, 679)
(676, 678)
(676, 679)
(676, 680)
(677, 679)
(677, 680)
(677, 681)
(678, 680)
(678, 681)
(678, 682)
(679, 681)
(679, 682)
(679, 683)
(680, 682)
(680, 683)
(680, 684)
(681, 683)
(681, 684)
(681, 685)
(682, 684)
(682, 685)
(682, 686)
(683, 685)
(683, 686)
(683, 687)
(684, 686)
(684, 687)
(684, 688)
(685, 687)
(685, 688)
(685, 689)
(686, 688)
(686, 689)
(686, 690)
(687, 689)
(687, 690)
(687, 691)
(688, 690)
(688, 691)
(688, 692)
(689, 691)
(689, 692)
(689, 693)
(690, 692)
(690, 693)
(690, 694)
(691, 693)
(691, 694)
(691, 695)
(692, 694)
(692, 695)
(692, 696)
(693, 695)
(693, 696)
(693, 697)
(694, 696)
(694, 697)
(694, 698)
(695, 697)
(695, 698)
(695, 699)
(696, 698)
(696, 699)
(696, 700)
(697, 699)
(697, 700)
(697, 701)
(698, 700)
(698, 701)
(698, 702)
(699, 701)
(699, 702)
(699, 703)
(700, 702)
(700, 703)
(700, 704)
(701, 703)
(701, 704)
(701, 705)
(702, 704)
(702, 705)
(702, 706)
(703, 705)
(703, 706)
(703, 707)
(704, 706)
(704, 707)
(704, 708)
(705, 707)
(705, 708)
(705, 709)
(706, 708)
(706, 709)
(706, 710)
(707, 709)
(707, 710)
(707, 711)
(708, 710)
(708, 711)
(708, 712)
(709, 711)
(709, 712)
(709, 713)
(710, 712)
(710, 713)
(710, 714)
(711, 713)
(711, 714)
(711, 715)
(712, 714)
(712, 715)
(712, 716)
(713, 715)
(713, 716)
(713, 717)
(714, 716)
(714, 717)
(714, 718)
(715, 717)
(715, 718)
(715, 719)
(716, 718)
(716, 719)
(716, 720)
(717, 719)
(717, 720)
(717, 721)
(718, 720)
(718, 721)
(718, 722)
(719, 721)
(719, 722)
(719, 723)
(720, 722)
(720, 723)
(720, 724)
(721, 723)
(721, 724)
(721, 725)
(722, 724)
(722, 725)
(722, 726)
(723, 725)
(723, 726)
(723, 727)
(724, 726)
(724, 727)
(724, 728)
(725, 727)
(725, 728)
(725, 729)
(726, 728)
(726, 729)
(726, 730)
(727, 729)
(727, 730)
(727, 731)
(728, 730)
(728, 731)
(728, 732)
(729, 731)
(729, 732)
(729, 733)
(730, 732)
(730, 733)
(730, 734)
(731, 733)
(731, 734)
(731, 735)
(732, 734)
(732, 735)
(732, 736)
(733, 735)
(733, 736)
(733, 737)
(734, 736)
(734, 737)
(734, 738)
(735, 737)
(735, 738)
(735, 739)
(736, 738)
(736, 739)
(736, 740)
(737, 739)
(737, 740)
(737, 741)
(738, 740)
(738, 741)
(738, 742)
(739, 741)
(739, 742)
(739, 743)
(740, 742)
(740, 743)
(740, 744)
(741, 743)
(741, 744)
(741, 745)
(742, 744)
(742, 745)
(742, 746)
(743, 745)
(743, 746)
(743, 747)
(744, 746)
(744, 747)
(744, 748)
(745, 747)
(745, 748)
(745, 749)
(746, 748)
(746, 749)
(746, 750)
(747, 749)
(747, 750)
(747, 751)
(748, 750)
(748, 751)
(748, 752)
(749, 751)
(749, 752)
(749, 753)
(750, 752)
(750, 753)
(750, 754)
(751, 753)
(751, 754)
(751, 755)
(752, 754)
(752, 755)
(752, 756)
(753, 755)
(753, 756)
(753, 757)
(754, 756)
(754, 757)
(754, 758)
(755, 757)
(755, 758)
(755, 759)
(756, 758)
(756, 759)
(756, 760)
(757, 759)
(757, 760)
(757, 761)
(758, 760)
(758, 761)
(758, 762)
(759, 761)
(759, 762)
(759, 763)
(760, 762)
(760, 763)
(760, 764)
(761, 763)
(761, 764)
(761, 765)
(762, 764)
(762, 765)
(762, 766)
(763, 765)
(763, 766)
(763, 767)
(764, 766)
(764, 767)
(764, 768)
(765, 767)
(765, 768)
(765, 769)
(766, 768)
(766, 769)
(766, 770)
(767, 769)
(767, 770)
(767, 771)
(768, 770)
(768, 771)
(768, 772)
(769, 771)
(769, 772)
(769, 773)
(770, 772)
(770, 773)
(770, 774)
(771, 773)
(771, 774)
(771, 775)
(772, 774)
(772, 775)
(772, 776)
(773, 775)
(773, 776)
(773, 777)
(774, 776)
(774, 777)
(774, 778)
(775, 777)
(775, 778)
(775, 779)
(776, 778)
(776, 779)
(776, 780)
(777, 779)
(777, 780)
(777, 781)
(778, 780)
(778, 781)
(778, 782)
(779, 781)
(779, 782)
(779, 783)
(780, 782)
(780, 783)
(780, 784)
(781, 783)
(781, 784)
(781, 785)
(782, 784)
(782, 785)
(782, 786)
(783, 785)
(783, 786)
(783, 787)
(784, 786)
(784, 787)
(784, 788)
(785, 787)
(785, 788)
(785, 789)
(786, 788)
(786, 789)
(786, 790)
(787, 789)
(787, 790)
(787, 791)
(788, 790)
(788, 791)
(788, 792)
(789, 791)
(789, 792)
(789, 793)
(790, 792)
(790, 793)
(790, 794)
(791, 793)
(791, 794)
(791, 795)
(792, 794)
(792, 795)
(792, 796)
(793, 795)
(793, 796)
(793, 797)
(794, 796)
(794, 797)
(794, 798)
(795, 797)
(795, 798)
(795, 799)
(796, 798)
(796, 799)
(796, 800)
(797, 799)
(797, 800)
(797, 801)
(798, 800)
(798, 801)
(798, 802)
(799, 801)
(799, 802)
(799, 803)
(800, 802)
(800, 803)
(800, 804)
(801, 803)
(801, 804)
(801, 805)
(802, 804)
(802, 805)
(802, 806)
(803, 805)
(803, 806)
(803, 807)
(804, 806)
(804, 807)
(804, 808)
(805, 807)
(805, 808)
(805, 809)
(806, 808)
(806, 809)
(806, 810)
(807, 809)
(807, 810)
(807, 811)
(808, 810)
(808, 811)
(808, 812)
(809, 811)
(809, 812)
(809, 813)
(810, 812)
(810, 813)
(810, 814)
(811, 813)
(811, 814)
(811, 815)
(812, 814)
(812, 815)
(812, 816)
(813, 815)
(813, 816)
(813, 817)
(814, 816)
(814, 817)
(814, 818)
(815, 817)
(815, 818)
(815, 819)
(816, 818)
(816, 819)
(816, 820)
(817, 819)
(817, 820)
(817, 821)
(818, 820)
(818, 821)
(818, 822)
(819, 821)
(819, 822)
(819, 823)
(820, 822)
(820, 823)
(820, 824)
(821, 823)
(821, 824)
(821, 825)
(822, 824)
(822, 825)
(822, 826)
(823, 825)
(823, 826)
(823, 827)
(824, 826)
(824, 827)
(824, 828)
(825, 827)
(825, 828)
(825, 829)
(826, 828)
(826, 829)
(826, 830)
(827, 829)
(827, 830)
(827, 831)
(828, 830)
(828, 831)
(828, 832)
(829, 831)
(829, 832)
(829, 833)
(830, 832)
(830, 833)
(830, 834)
(831, 833)
(831, 834)
(831, 835)
(832, 834)
(832, 835)
(832, 836)
(833, 835)
(833, 836)
(833, 837)
(834, 836)
(834, 837)
(834, 838)
(835, 837)
(835, 838)
(835, 839)
(836, 838)
(836, 839)
(836, 840)
(837, 839)
(837, 840)
(837, 841)
(838, 840)
(838, 841)
(838, 842)
(839, 841)
(839, 842)
(839, 843)
(840, 842)
(840, 843)
(840, 844)
(841, 843)
(841, 844)
(841, 845)
(842, 844)
(842, 845)
(842, 846)
(843, 845)
(843, 846)
(843, 847)
(844, 846)
(844, 847)
(844, 848)
(845, 847)
(845, 848)
(845, 849)
(846, 848)
(846, 849)
(846, 850)
(847, 849)
(847, 850)
(847, 851)
(848, 850)
(848, 851)
(848, 852)
(849, 851)
(849, 852)
(849, 853)
(850, 852)
(850, 853)
(850, 854)
(851, 853)
(851, 854)
(851, 855)
(852, 854)
(852, 855)
(852, 856)
(853, 855)
(853, 856)
(853, 857)
(854, 856)
(854, 857)
(854, 858)
(855, 857)
(855, 858)
(855, 859)
(856, 858)
(856, 859)
(856, 860)
(857, 859)
(857, 860)
(857, 861)
(858, 860)
(858, 861)
(858, 862)
(859, 861)
(859, 862)
(859, 863)
(860, 862)
(860, 863)
(860, 864)
(861, 863)
(861, 864)
(861, 865)
(862, 864)
(862, 865)
(862, 866)
(863, 865)
(863, 866)
(863, 867)
(864, 866)
(864, 867)
(864, 868)
(865, 867)
(865, 868)
(865, 869)
(866, 868)
(866, 869)
(866, 870)
(867, 869)
(867, 870)
(867, 871)
(868, 870)
(868, 871)
(868, 872)
(869, 871)
(869, 872)
(869, 873)
(870, 872)
(870, 873)
(870, 874)
(871, 873)
(871, 874)
(871, 875)
(872, 874)
(872, 875)
(872, 876)
(873, 875)
(873, 876)
(873, 877)
(874, 876)
(874, 877)
(874, 878)
(875, 877)
(875, 878)
(875, 879)
(876, 878)
(876, 879)
(876, 880)
(877, 879)
(877, 880)
(877, 881)
(878, 880)
(878, 881)
(878, 882)
(879, 881)
(879, 882)
(879, 883)
(880, 882)
(880, 883)
(880, 884)
(881, 883)
(881, 884)
(881, 885)
(882, 884)
(882, 885)
(882, 886)
(883, 885)
(883, 886)
(883, 887)
(884, 886)
(884, 887)
(884, 888)
(885, 887)
(885, 888)
(885, 889)
(886, 888)
(886, 889)
(886, 890)
(887, 889)
(887, 890)
(887, 891)
(888, 890)
(888, 891)
(888, 892)
(889, 891)
(889, 892)
(889, 893)
(890, 892)
(890, 893)
(890, 894)
(891, 893)
(891, 894)
(891, 895)
(892, 894)
(892, 895)
(892, 896)
(893, 895)
(893, 896)
(893, 897)
(894, 896)
(894, 897)
(894, 898)
(895, 897)
(895, 898)
(895, 899)
(896, 898)
(896, 899)
(896, 900)
(897, 899)
(897, 900)
(897, 901)
(898, 900)
(898, 901)
(898, 902)
(899, 901)
(899, 902)
(899, 903)
(900, 902)
(900, 903)
(900, 904)
(901, 903)
(901, 904)
(901, 905)
(902, 904)
(902, 905)
(902, 906)
(903, 905)
(903, 906)
(903, 907)
(904, 906)
(904, 907)
(904, 908)
(905, 907)
(905, 908)
(905, 909)
(906, 908)
(906, 909)
(906, 910)
(907, 909)
(907, 910)
(907, 911)
(908, 910)
(908, 911)
(908, 912)
(909, 911)
(909, 912)
(909, 913)
(910, 912)
(910, 913)
(910, 914)
(911, 913)
(911, 914)
(911, 915)
(912, 914)
(912, 915)
(912, 916)
(913, 915)
(913, 916)
(913, 917)
(914, 916)
(914, 917)
(914, 918)
(915, 917)
(915, 918)
(915, 919)
(916, 918)
(916, 919)
(916, 920)
(917, 919)
(917, 920)
(917, 921)
(918, 920)
(918, 921)
(918, 922)
(919, 921)
(919, 922)
(919, 923)
(920, 922)
(920, 923)
(920, 924)
(921, 923)
(921, 924)
(921, 925)
(922, 924)
(922, 925)
(922, 926)
(923, 925)
(923, 926)
(923, 927)
(924, 926)
(924, 927)
(924, 928)
(925, 927)
(925, 928)
(925, 929)
(926, 928)
(926, 929)
(926, 930)
(927, 929)
(927, 930)
(927, 931)
(928, 930)
(928, 931)
(928, 932)
(929, 931)
(929, 932)
(929, 933)
(930, 932)
(930, 933)
(930, 934)
(931, 933)
(931, 934)
(931, 935)
(932, 934)
(932, 935)
(932, 936)
(933, 935)
(933, 936)
(933, 937)
(934, 936)
(934, 937)
(934, 938)
(935, 937)
(935, 938)
(935, 939)
(936, 938)
(936, 939)
(936, 940)
(937, 939)
(937, 940)
(937, 941)
(938, 940)
(938, 941)
(938, 942)
(939, 941)
(939, 942)
(939, 943)
(940, 942)
(940, 943)
(940, 944)
(941, 943)
(941, 944)
(941, 945)
(942, 944)
(942, 945)
(942, 946)
(943, 945)
(943, 946)
(943, 947)
(944, 946)
(944, 947)
(944, 948)
(945, 947)
(945, 948)
(945, 949)
(946, 948)
(946, 949)
(946, 950)
(947, 949)
(947, 950)
(947, 951)
(948, 950)
(948, 951)
(948, 952)
(949, 951)
(949, 952)
(949, 953)
(950, 952)
(950, 953)
(950, 954)
(951, 953)
(951, 954)
(951, 955)
(952, 954)
(952, 955)
(952, 956)
(953, 955)
(953, 956)
(953, 957)
(954, 956)
(954, 957)
(954, 958)
(955, 957)
(955, 958)
(955, 959)
(956, 958)
(956, 959)
(956, 960)
(957, 959)
(957, 960)
(957, 961)
(958, 960)
(958, 961)
(958, 962)
(959, 961)
(959, 962)
(959, 963)
(960, 962)
(960, 963)
(960, 964)
(961, 963)
(961, 964)
(961, 965)
(962, 964)
(962, 965)
(962, 966)
(963, 965)
(963, 966)
(963, 967)
(964, 966)
(964, 967)
(964, 968)
(965, 967)
(965, 968)
(965, 969)
(966, 968)
(966, 969)
(966, 970)
(967, 969)
(967, 970)
(967, 971)
(968, 970)
(968, 971)
(968, 972)
(969, 971)
(969, 972)
(969, 973)
(970, 972)
(970, 973)
(970, 974)
(971, 973)
(971, 974)
(971, 975)
(972, 974)
(972, 975)
(972, 976)
(973, 975)
(973, 976)
(973, 977)
(974, 976)
(974, 977)
(974, 978)
(975, 977)
(975, 978)
(975, 979)
(976, 978)
(976, 979)
(976, 980)
(977, 979)
(977, 980)
(977, 981)
(978, 980)
(978, 981)
(978, 982)
(979, 981)
(979, 982)
(979, 983)
(980, 982)
(980, 983)
(980, 984)
(981, 983)
(981, 984)
(981, 985)
(982, 984)
(982, 985)
(982, 986)
(983, 985)
(983, 986)
(983, 987)
(984, 986)
(984, 987)
(984, 988)
(985, 987)
(985, 988)
(985, 989)
(986, 988)
(986, 989)
(986, 990)
(987, 989)
(987, 990)
(987, 991)
(988, 990)
(988, 991)
(988, 992)
(989, 991)
(989, 992)
(989, 993)
(990, 992)
(990, 993)
(990, 994)
(991, 993)
(991, 994)
(991, 995)
(992, 994)
(992, 995)
(992, 996)
(993, 995)
(993, 996)
(993, 997)
(994, 996)
(994, 997)
(994, 998)
(995, 997)
(995, 998)
(995, 999)
(996, 998)
(996, 999)
(997, 999)
